xof 0303txt 0032
template ColorRGBA {
 <35ff44e0-6c7c-11cf-8f52-0040333594a3>
 FLOAT red;
 FLOAT green;
 FLOAT blue;
 FLOAT alpha;
}

template ColorRGB {
 <d3e16e81-7835-11cf-8f52-0040333594a3>
 FLOAT red;
 FLOAT green;
 FLOAT blue;
}

template Material {
 <3d82ab4d-62da-11cf-ab39-0020af71e433>
 ColorRGBA faceColor;
 FLOAT power;
 ColorRGB specularColor;
 ColorRGB emissiveColor;
 [...]
}

template TextureFilename {
 <a42790e1-7810-11cf-8f52-0040333594a3>
 STRING filename;
}

template Frame {
 <3d82ab46-62da-11cf-ab39-0020af71e433>
 [...]
}

template Matrix4x4 {
 <f6f23f45-7686-11cf-8f52-0040333594a3>
 array FLOAT matrix[16];
}

template FrameTransformMatrix {
 <f6f23f41-7686-11cf-8f52-0040333594a3>
 Matrix4x4 frameMatrix;
}

template Vector {
 <3d82ab5e-62da-11cf-ab39-0020af71e433>
 FLOAT x;
 FLOAT y;
 FLOAT z;
}

template MeshFace {
 <3d82ab5f-62da-11cf-ab39-0020af71e433>
 DWORD nFaceVertexIndices;
 array DWORD faceVertexIndices[nFaceVertexIndices];
}

template Mesh {
 <3d82ab44-62da-11cf-ab39-0020af71e433>
 DWORD nVertices;
 array Vector vertices[nVertices];
 DWORD nFaces;
 array MeshFace faces[nFaces];
 [...]
}

template MeshNormals {
 <f6f23f43-7686-11cf-8f52-0040333594a3>
 DWORD nNormals;
 array Vector normals[nNormals];
 DWORD nFaceNormals;
 array MeshFace faceNormals[nFaceNormals];
}

template MeshMaterialList {
 <f6f23f42-7686-11cf-8f52-0040333594a3>
 DWORD nMaterials;
 DWORD nFaceIndexes;
 array DWORD faceIndexes[nFaceIndexes];
 [Material <3d82ab4d-62da-11cf-ab39-0020af71e433>]
}

template Coords2d {
 <f6f23f44-7686-11cf-8f52-0040333594a3>
 FLOAT u;
 FLOAT v;
}

template MeshTextureCoords {
 <f6f23f40-7686-11cf-8f52-0040333594a3>
 DWORD nTextureCoords;
 array Coords2d textureCoords[nTextureCoords];
}

template XSkinMeshHeader {
 <3cf169ce-ff7c-44ab-93c0-f78f62d172e2>
 WORD nMaxSkinWeightsPerVertex;
 WORD nMaxSkinWeightsPerFace;
 WORD nBones;
}

template SkinWeights {
 <6f0d123b-bad2-4167-a0d0-80224f25fabb>
 STRING transformNodeName;
 DWORD nWeights;
 array DWORD vertexIndices[nWeights];
 array FLOAT weights[nWeights];
 Matrix4x4 matrixOffset;
}

template AnimTicksPerSecond {
 <9e415a43-7ba6-4a73-8743-b73d47e88476>
 DWORD AnimTicksPerSecond;
}

template Animation {
 <3d82ab4f-62da-11cf-ab39-0020af71e433>
 [...]
}

template AnimationSet {
 <3d82ab50-62da-11cf-ab39-0020af71e433>
 [Animation <3d82ab4f-62da-11cf-ab39-0020af71e433>]
}

template FloatKeys {
 <10dd46a9-775b-11cf-8f52-0040333594a3>
 DWORD nValues;
 array FLOAT values[nValues];
}

template TimedFloatKeys {
 <f406b180-7b3b-11cf-8f52-0040333594a3>
 DWORD time;
 FloatKeys tfkeys;
}

template AnimationKey {
 <10dd46a8-775b-11cf-8f52-0040333594a3>
 DWORD keyType;
 DWORD nKeys;
 array TimedFloatKeys keys[nKeys];
}


Material _10_-_Defaultaa {
 1.000000;1.000000;1.000000;1.000000;;
 9.999999;
 0.000000;0.000000;0.000000;;
 0.000000;0.000000;0.000000;;

 TextureFilename {
  "HoodieDOWNFemale.png";
 }
}

Frame Dummy01 {
 

 FrameTransformMatrix {
  1.000000,0.000000,0.000000,0.000000,0.000000,-0.000000,-1.000000,0.000000,0.000000,1.000000,-0.000000,0.000000,0.000000,0.000000,0.000000,1.000000;;
 }

 Frame Bip01 {
  

  FrameTransformMatrix {
   -0.087155,0.982405,-0.165183,0.000000,-0.000001,0.165814,0.986157,0.000000,0.996195,0.085949,-0.014450,0.000000,-0.010000,-0.012284,0.490453,1.000000;;
  }

  Frame Bip01_Pelvis {
   

   FrameTransformMatrix {
    0.000000,1.000000,-0.000001,0.000000,-0.000001,0.000001,1.000000,0.000000,1.000000,0.000000,0.000001,0.000000,0.000000,0.000000,0.000000,1.000000;;
   }

   Frame Bip01_Spine {
    

    FrameTransformMatrix {
     0.984686,0.000002,-0.174337,0.000000,-0.000001,1.000000,0.000004,0.000000,0.174337,-0.000004,0.984686,0.000000,0.051619,0.000000,-0.000083,1.000000;;
    }

    Frame Bip01_Spine1 {
     

     FrameTransformMatrix {
      0.997819,0.052687,0.039774,0.000000,-0.044862,0.983198,-0.176942,0.000000,-0.048428,0.174771,0.983417,0.000000,0.106484,-0.000015,-0.000083,1.000000;;
     }

     Frame Bip01_Neck {
      

      FrameTransformMatrix {
       0.966067,-0.020835,0.257451,0.000000,0.025191,0.999590,-0.013632,0.000000,-0.257061,0.019655,0.966195,0.000000,0.130511,-0.000001,0.004626,1.000000;;
      }

      Frame Bip01_Head {
       

       FrameTransformMatrix {
        0.989321,-0.051753,-0.136255,0.000000,0.064251,0.993958,0.088989,0.000000,0.130826,-0.096793,0.986669,0.000000,0.033674,-0.000000,0.000000,1.000000;;
       }

       Frame Bip01_HeadNub {
        

        FrameTransformMatrix {
         1.000000,-0.000000,-0.000000,0.000000,-0.000000,1.000000,0.000000,0.000000,0.000000,-0.000000,1.000000,0.000000,0.169824,0.000000,-0.000000,1.000000;;
        }
       }
      }

      Frame Bip01_L_Clavicle {
       

       FrameTransformMatrix {
        -0.205975,0.976135,0.068811,0.000000,0.943873,0.216738,-0.249254,0.000000,-0.258220,0.013609,-0.965990,0.000000,-0.024734,0.015166,0.002017,1.000000;;
       }

       Frame Bip01_L_UpperArm {
        

        FrameTransformMatrix {
         0.385871,-0.777669,0.496320,0.000000,0.922466,0.332598,-0.196046,0.000000,-0.012616,0.533487,0.845714,0.000000,0.073469,0.000000,-0.000000,1.000000;;
        }

        Frame Bip01_L_Forearm {
         

         FrameTransformMatrix {
          0.943939,0.000000,-0.330119,0.000000,0.000000,1.000000,-0.000000,0.000000,0.330119,-0.000000,0.943939,0.000000,0.148340,0.000000,-0.000000,1.000000;;
         }

         Frame Bip01_L_Hand {
          

          FrameTransformMatrix {
           1.000000,-0.000000,0.000000,0.000000,0.000000,0.000796,1.000000,0.000000,0.000000,-1.000000,0.000796,0.000000,0.131860,-0.000000,0.000000,1.000000;;
          }

          Frame Bip01_L_Finger0 {
           

           FrameTransformMatrix {
            0.690342,-0.181727,0.700288,0.000000,0.558537,0.749101,-0.356210,0.000000,-0.459853,0.637043,0.618637,0.000000,0.057681,-0.023605,-0.000272,1.000000;;
           }

           Frame Bip01_L_Finger0Nub {
            

            FrameTransformMatrix {
             1.000000,0.000000,0.000000,0.000000,0.000000,1.000000,0.000000,0.000000,-0.000000,0.000000,1.000000,0.000000,0.029435,0.000000,0.000000,1.000000;;
            }
           }
          }

          Frame Bip01_L_Finger1 {
           

           FrameTransformMatrix {
            0.728079,-0.000546,0.685493,0.000000,0.000000,1.000000,0.000796,0.000000,-0.685493,-0.000580,0.728079,0.000000,0.084102,0.000000,0.000000,1.000000;;
           }

           Frame Bip01_L_Finger1Nub {
            

            FrameTransformMatrix {
             1.000000,0.000000,0.000000,0.000000,-0.000000,1.000000,0.000000,0.000000,-0.000000,0.000000,1.000000,0.000000,0.047988,-0.000000,0.000000,1.000000;;
            }
           }
          }
         }
        }
       }
      }

      Frame Bip01_R_Clavicle {
       

       FrameTransformMatrix {
        -0.028509,-0.999573,-0.006461,0.000000,-0.965665,0.025871,0.258498,0.000000,-0.258220,0.013609,-0.965990,0.000000,-0.024080,-0.016250,0.001399,1.000000;;
       }

       Frame Bip01_R_UpperArm {
        

        FrameTransformMatrix {
         0.221390,0.975047,0.016433,0.000000,-0.974986,0.221654,-0.016512,0.000000,-0.019742,-0.012366,0.999728,0.000000,0.073469,0.000000,-0.000000,1.000000;;
        }

        Frame Bip01_R_Forearm {
         

         FrameTransformMatrix {
          0.915660,-0.000000,-0.401954,0.000000,-0.000000,1.000000,-0.000000,0.000000,0.401954,-0.000000,0.915660,0.000000,0.148340,0.000000,-0.000000,1.000000;;
         }

         Frame Bip01_R_Hand {
          

          FrameTransformMatrix {
           0.975195,-0.000000,-0.221346,0.000000,-0.221346,0.000796,-0.975195,0.000000,0.000176,1.000000,0.000777,0.000000,0.131860,0.000000,0.000000,1.000000;;
          }

          Frame Bip01_R_Finger0 {
           

           FrameTransformMatrix {
            0.417774,-0.116941,0.900994,0.000000,-0.558537,0.749101,0.356210,0.000000,-0.716591,-0.652054,0.247639,0.000000,0.057681,0.023605,-0.000272,1.000000;;
           }

           Frame Bip01_R_Finger0Nub {
            

            FrameTransformMatrix {
             -1.000000,0.000000,0.000000,0.000000,0.000000,1.000000,-0.000000,0.000000,0.000000,0.000000,-1.000000,0.000000,0.029435,0.000000,-0.000000,1.000000;;
            }
           }
          }

          Frame Bip01_R_Finger1 {
           

           FrameTransformMatrix {
            0.352436,0.000745,0.935835,0.000000,-0.000000,1.000000,-0.000796,0.000000,-0.935836,0.000281,0.352436,0.000000,0.084102,-0.000000,0.000000,1.000000;;
           }

           Frame Bip01_R_Finger1Nub {
            

            FrameTransformMatrix {
             -1.000000,0.000000,0.000000,0.000000,0.000000,1.000000,-0.000000,0.000000,-0.000000,0.000000,-1.000000,0.000000,0.047988,0.000000,-0.000000,1.000000;;
            }
           }
          }
         }
        }
       }
      }
     }

     Frame Bip01_BackPack {
      

      FrameTransformMatrix {
       0.180560,0.080500,-0.980264,0.000000,0.047560,0.994764,0.090451,0.000000,0.982413,-0.062954,0.175786,0.000000,0.063697,0.000003,-0.088856,1.000000;;
      }

      Frame Bip01_BackPackNub {
       

       FrameTransformMatrix {
        0.000796,0.000003,1.000000,0.000000,0.000000,-1.000000,0.000003,0.000000,1.000000,-0.000000,-0.000796,0.000000,0.053240,0.000000,0.000000,1.000000;;
       }
      }
     }
    }

    Frame Bip01_L_Thigh {
     

     FrameTransformMatrix {
      -0.888504,0.030427,0.457858,0.000000,-0.032107,-0.999476,0.004114,0.000000,0.457744,-0.011045,0.889016,0.000000,-0.050843,0.055225,-0.008917,1.000000;;
     }

     Frame Bip01_L_Calf {
      

      FrameTransformMatrix {
       0.942235,-0.000000,-0.334952,0.000000,-0.000000,1.000000,-0.000000,0.000000,0.334952,-0.000000,0.942235,0.000000,0.237500,0.000000,-0.000000,1.000000;;
      }

      Frame Bip01_L_Foot {
       

       FrameTransformMatrix {
        0.924325,-0.026487,0.380687,0.000000,-0.068962,0.969570,0.234901,0.000000,-0.375325,-0.243378,0.894371,0.000000,0.206841,0.000000,0.000000,1.000000;;
       }

       Frame Bip01_L_Toe0 {
        

        FrameTransformMatrix {
         0.000000,0.000000,1.000000,0.000000,0.000000,1.000000,-0.000000,0.000000,-1.000000,0.000000,0.000000,0.000000,0.065373,0.000000,0.066450,1.000000;;
        }

        Frame Bip01_L_Toe0Nub {
         

         FrameTransformMatrix {
          -1.000000,0.000000,0.000000,0.000000,0.000000,1.000000,0.000000,0.000000,0.000000,0.000000,-1.000000,0.000000,0.006735,-0.000000,0.000000,1.000000;;
         }
        }
       }
      }
     }
    }

    Frame Bip01_R_Thigh {
     

     FrameTransformMatrix {
      -0.996965,0.030321,-0.071704,0.000000,-0.029454,-0.999480,-0.013113,0.000000,-0.072065,-0.010961,0.997340,0.000000,-0.050843,-0.055225,-0.008917,1.000000;;
     }

     Frame Bip01_R_Calf {
      

      FrameTransformMatrix {
       0.730239,0.000000,-0.683192,0.000000,0.000000,1.000000,0.000000,0.000000,0.683192,0.000000,0.730239,0.000000,0.237500,0.000000,0.000000,1.000000;;
      }

      Frame Bip01_R_Foot {
       

       FrameTransformMatrix {
        0.991957,0.087165,-0.091782,0.000000,-0.093276,0.993546,-0.064539,0.000000,0.085565,0.072581,0.993685,0.000000,0.206841,0.000000,0.000000,1.000000;;
       }

       Frame Bip01_R_Toe0 {
        

        FrameTransformMatrix {
         0.000000,0.000000,1.000000,0.000000,0.000000,1.000000,-0.000000,0.000000,-1.000000,0.000000,0.000000,0.000000,0.065373,0.000000,0.066450,1.000000;;
        }

        Frame Bip01_R_Toe0Nub {
         

         FrameTransformMatrix {
          1.000000,0.000000,0.000000,0.000000,0.000000,1.000000,-0.000000,0.000000,-0.000000,-0.000000,1.000000,0.000000,0.006735,-0.000000,0.000000,1.000000;;
         }
        }
       }
      }
     }
    }
   }

   Frame Bip01_DressFront {
    

    FrameTransformMatrix {
     -0.880185,-0.088339,0.466338,0.000000,0.121847,0.907542,0.401896,0.000000,-0.458725,0.410564,-0.788041,0.000000,-0.043935,0.001339,0.061057,1.000000;;
    }

    Frame Bip01_DressFront02 {
     

     FrameTransformMatrix {
      0.912593,0.000001,0.408870,0.000000,-0.000001,1.000000,-0.000000,0.000000,-0.408870,-0.000000,0.912593,0.000000,0.183378,-0.000000,-0.000120,1.000000;;
     }

     Frame Bip01_DressFrontNub {
      

      FrameTransformMatrix {
       0.000796,0.000003,1.000000,0.000000,0.000000,-1.000000,0.000003,0.000000,1.000000,0.000000,-0.000796,0.000000,0.165302,0.000000,0.000000,1.000000;;
      }
     }
    }
   }

   Frame Bip01_DressBack {
    

    FrameTransformMatrix {
     -0.886023,0.038029,0.462080,0.000000,0.191625,0.937561,0.290274,0.000000,-0.422190,0.345735,-0.837988,0.000000,-0.047673,-0.000048,-0.078302,1.000000;;
    }

    Frame Bip01_DressBack02 {
     

     FrameTransformMatrix {
      0.936852,0.174932,-0.302833,0.000000,-0.166408,0.984581,0.053939,0.000000,0.307600,-0.000139,0.951516,0.000000,0.176125,0.000000,-0.000103,1.000000;;
     }

     Frame Bip01_DressBackNub {
      

      FrameTransformMatrix {
       0.000796,0.000003,1.000000,0.000000,0.000000,-1.000000,0.000003,0.000000,1.000000,0.000000,-0.000796,0.000000,0.136508,0.000000,0.000000,1.000000;;
      }
     }
    }
   }
  }

  Frame Bip01_Prop1 {
   

   FrameTransformMatrix {
    -0.233929,-0.108090,0.966227,0.000000,0.687222,0.684611,0.242967,0.000000,-0.687752,0.720849,-0.085868,0.000000,0.072994,-0.055506,-0.134034,1.000000;;
   }
  }

  Frame Bip01_Prop2 {
   

   FrameTransformMatrix {
    -0.163643,-0.967062,0.194966,0.000000,0.985576,-0.168906,-0.010564,0.000000,0.043147,0.190425,0.980753,0.000000,-0.140709,-0.103585,0.102365,1.000000;;
   }
  }
 }
}

Frame Translation_Data {
 

 FrameTransformMatrix {
  1.000000,0.000000,0.000000,0.000000,0.000000,-0.000000,-1.000000,0.000000,0.000000,1.000000,-0.000000,0.000000,0.000000,0.000000,0.000000,1.000000;;
 }
}

Frame Kate_HoodieDown {
 

 FrameTransformMatrix {
  1.000000,0.000000,0.000000,0.000000,0.000000,1.000000,0.000000,0.000000,0.000000,0.000000,1.000000,0.000000,0.000000,0.000000,0.000000,1.000000;;
 }

 Mesh Kate_HoodieDown {
  393;
  0.063884;0.770564;0.001845;,
  0.033827;0.772455;0.003788;,
  0.066462;0.790129;0.015550;,
  0.064810;0.727960;-0.015254;,
  0.048147;0.702914;-0.045835;,
  0.043010;0.732505;-0.026867;,
  0.069664;0.697909;-0.029433;,
  0.035324;0.803876;0.066856;,
  0.073332;0.785828;0.080650;,
  0.062026;0.801859;0.056132;,
  0.045256;0.779294;0.086079;,
  0.080960;0.564351;0.055946;,
  0.038710;0.594546;0.073380;,
  0.044599;0.573010;0.084131;,
  0.071242;0.591637;0.045016;,
  0.079853;0.578950;0.003150;,
  0.090644;0.548761;0.008477;,
  0.056351;0.562143;-0.028880;,
  0.077363;0.509414;-0.013270;,
  0.043577;0.506005;-0.030905;,
  0.020382;0.701878;-0.045297;,
  0.017146;0.723312;-0.029633;,
  0.000000;0.583609;0.076301;,
  0.000000;0.559669;0.090026;,
  0.042215;0.648170;0.065148;,
  0.000000;0.673429;0.070167;,
  0.000000;0.649026;0.069401;,
  0.046325;0.684077;0.072097;,
  0.087853;0.526093;0.078483;,
  0.046817;0.532336;0.107064;,
  0.101174;0.516084;0.019812;,
  0.038265;0.607747;0.069409;,
  0.063239;0.648998;0.055105;,
  0.070336;0.656993;0.035956;,
  0.066780;0.655726;-0.003283;,
  0.077150;0.688022;0.037966;,
  0.067644;0.665951;-0.003621;,
  0.042843;0.656716;-0.032877;,
  0.044060;0.659297;-0.032217;,
  0.019478;0.663701;-0.033907;,
  0.015811;0.662234;-0.033037;,
  0.134690;0.787123;0.012370;,
  0.177465;0.739457;0.020569;,
  0.133859;0.745315;0.018096;,
  0.185120;0.791217;0.020332;,
  0.233134;0.736417;0.027388;,
  0.239015;0.782731;0.034182;,
  0.124523;0.747168;0.070132;,
  0.177465;0.739457;0.020569;,
  0.172453;0.745694;0.079805;,
  0.133859;0.745315;0.018096;,
  0.224201;0.744377;0.081860;,
  0.233134;0.736417;0.027388;,
  0.100652;0.758926;0.072410;,
  0.127132;0.769994;0.072755;,
  0.101023;0.742861;0.061697;,
  0.229883;0.782866;0.071659;,
  0.179310;0.792245;0.069927;,
  0.132947;0.798326;0.046844;,
  0.264341;0.783665;0.028549;,
  0.322870;0.729854;0.024196;,
  0.261654;0.726991;0.023777;,
  0.322233;0.768924;0.022756;,
  0.363397;0.729580;0.021012;,
  0.371162;0.758440;0.020548;,
  0.261654;0.726991;0.023777;,
  0.320722;0.738360;0.072931;,
  0.257865;0.737137;0.085756;,
  0.322870;0.729854;0.024196;,
  0.368532;0.741581;0.063841;,
  0.363397;0.729580;0.021012;,
  0.319754;0.769292;0.071479;,
  0.260327;0.784035;0.074769;,
  0.371412;0.760046;0.060981;,
  0.094460;0.806582;0.061203;,
  0.097731;0.808537;0.037660;,
  0.062026;0.801859;0.056132;,
  0.064264;0.803426;0.037839;,
  0.070246;0.691790;0.070933;,
  0.052483;0.807705;0.040040;,
  0.095118;0.795572;0.009621;,
  0.063884;0.770564;0.001845;,
  0.066462;0.790129;0.015550;,
  0.095456;0.769338;0.003065;,
  0.049787;0.733740;0.088262;,
  0.000000;0.775626;0.086365;,
  0.000000;0.718894;0.084457;,
  0.073332;0.785828;0.080650;,
  0.086005;0.746542;0.079527;,
  0.082129;0.727348;0.025561;,
  0.093465;0.745912;0.010980;,
  0.088188;0.734836;0.067996;,
  0.069210;0.746233;-0.002950;,
  0.075655;0.685591;-0.001678;,
  0.076250;0.693397;0.015903;,
  0.076978;0.687421;0.056037;,
  0.030269;0.792381;0.027827;,
  0.027461;0.786363;0.038289;,
  0.000000;0.803112;0.074601;,
  -0.000000;0.782315;0.041880;,
  0.042024;0.803131;0.026215;,
  0.025295;0.800528;0.009278;,
  0.032124;0.811580;0.013338;,
  0.028319;0.795989;0.014144;,
  0.039777;0.790513;0.046124;,
  0.024742;0.781330;0.058443;,
  0.030200;0.792981;0.105311;,
  -0.000260;0.808819;0.105102;,
  -0.000260;0.808014;0.105348;,
  0.021110;0.812739;0.097470;,
  0.036807;0.821052;0.081233;,
  0.016939;0.823785;0.090198;,
  0.025863;0.820077;0.092347;,
  0.038633;0.813596;0.030679;,
  0.045873;0.802788;0.047210;,
  0.042921;0.798001;0.035036;,
  0.049783;0.794778;0.072250;,
  0.052307;0.803556;0.076741;,
  0.038315;0.809013;0.092145;,
  0.041977;0.795000;0.094062;,
  0.047373;0.818538;0.068039;,
  0.041267;0.779268;0.094865;,
  0.049152;0.787538;0.077409;,
  0.026310;0.781007;0.076093;,
  -0.000000;0.763899;0.076682;,
  0.023081;0.767228;0.092177;,
  -0.000260;0.759478;0.092137;,
  0.020844;0.808247;0.001543;,
  0.000000;0.795442;0.003106;,
  -0.000011;0.803985;-0.001826;,
  0.028934;0.775365;0.106108;,
  -0.000260;0.766169;0.108596;,
  0.028934;0.775365;0.106108;,
  -0.000000;0.775557;0.060765;,
  0.041267;0.779268;0.094865;,
  0.045873;0.802788;0.047210;,
  0.052328;0.802768;0.072846;,
  0.049783;0.794778;0.072250;,
  0.052328;0.802768;0.072846;,
  0.052307;0.803556;0.076741;,
  0.048321;0.812528;0.060197;,
  0.048321;0.812528;0.060197;,
  0.044222;0.816649;0.048088;,
  0.028681;0.793900;0.025212;,
  0.030269;0.792381;0.027827;,
  0.052483;0.807705;0.040040;,
  0.064264;0.803426;0.037839;,
  0.039777;0.790513;0.046124;,
  0.049152;0.787538;0.077409;,
  0.000000;0.784476;0.004677;,
  -0.000000;0.560026;-0.036455;,
  -0.000000;0.503982;-0.038069;,
  0.000000;0.531591;0.107691;,
  -0.000260;0.820310;0.098379;,
  -0.000260;0.822996;0.095488;,
  0.000000;0.617928;-0.033929;,
  0.043088;0.618930;-0.028180;,
  0.068840;0.619465;0.002870;,
  0.066108;0.611648;0.039987;,
  0.000000;0.604542;0.071565;,
  0.064264;0.803426;0.037839;,
  0.129997;0.788253;0.063665;,
  -0.000260;0.824920;0.092370;,
  0.082923;0.736012;0.080768;,
  0.088188;0.734836;0.067996;,
  0.086005;0.746542;0.079527;,
  0.075552;0.717939;0.037839;,
  0.082129;0.727348;0.025561;,
  0.073974;0.716206;-0.002426;,
  0.069210;0.746233;-0.002950;,
  0.020313;0.672898;-0.043032;,
  0.048855;0.669286;-0.043021;,
  0.067338;0.670733;-0.022250;,
  0.040391;0.745809;-0.018817;,
  0.069210;0.746233;-0.002950;,
  0.093465;0.745912;0.010980;,
  0.000000;0.738618;-0.023611;,
  0.000000;0.769124;-0.006405;,
  0.008878;0.702344;-0.039272;,
  0.008874;0.674384;-0.037072;,
  -0.000260;0.791701;0.110400;,
  0.000000;0.789283;0.004259;,
  -0.000260;0.766169;0.108596;,
  0.000000;0.676564;-0.035954;,
  -0.000000;0.702756;-0.038016;,
  0.075552;0.717939;0.037839;,
  -0.063884;0.770564;0.001845;,
  -0.066462;0.790129;0.015550;,
  -0.033827;0.772455;0.003788;,
  -0.064810;0.727960;-0.015254;,
  -0.048147;0.702914;-0.045835;,
  -0.069664;0.697909;-0.029433;,
  -0.043010;0.732505;-0.026867;,
  -0.035324;0.803876;0.066856;,
  -0.073332;0.785828;0.080650;,
  -0.045256;0.779294;0.086079;,
  -0.062026;0.801859;0.056132;,
  -0.080960;0.564351;0.055946;,
  -0.038710;0.594546;0.073380;,
  -0.071242;0.591637;0.045016;,
  -0.044599;0.573010;0.084131;,
  -0.079853;0.578950;0.003150;,
  -0.090644;0.548761;0.008477;,
  -0.056351;0.562143;-0.028880;,
  -0.077363;0.509414;-0.013270;,
  -0.043577;0.506005;-0.030905;,
  -0.020382;0.701878;-0.045297;,
  -0.017146;0.723312;-0.029633;,
  0.000000;0.583609;0.076301;,
  0.000000;0.559669;0.090026;,
  -0.042215;0.648170;0.065148;,
  0.000000;0.673429;0.070167;,
  -0.046325;0.684077;0.072097;,
  0.000000;0.649026;0.069401;,
  -0.087853;0.526093;0.078483;,
  -0.046817;0.532336;0.107064;,
  -0.101174;0.516084;0.019812;,
  -0.038265;0.607747;0.069409;,
  -0.063239;0.648998;0.055105;,
  -0.070336;0.656993;0.035956;,
  -0.077150;0.688022;0.037966;,
  -0.066780;0.655726;-0.003283;,
  -0.067644;0.665951;-0.003621;,
  -0.042843;0.656716;-0.032877;,
  -0.044060;0.659297;-0.032217;,
  -0.019478;0.663701;-0.033907;,
  -0.015811;0.662234;-0.033037;,
  -0.134690;0.787123;0.012370;,
  -0.133859;0.745315;0.018096;,
  -0.177465;0.739457;0.020569;,
  -0.185120;0.791217;0.020332;,
  -0.233134;0.736417;0.027388;,
  -0.239015;0.782731;0.034182;,
  -0.124523;0.747168;0.070132;,
  -0.177465;0.739457;0.020569;,
  -0.133859;0.745315;0.018096;,
  -0.172453;0.745694;0.079805;,
  -0.224201;0.744377;0.081860;,
  -0.233134;0.736417;0.027388;,
  -0.100652;0.758926;0.072410;,
  -0.101023;0.742861;0.061697;,
  -0.127132;0.769994;0.072755;,
  -0.229883;0.782866;0.071659;,
  -0.179310;0.792245;0.069927;,
  -0.132947;0.798326;0.046844;,
  -0.264341;0.783665;0.028549;,
  -0.322870;0.729854;0.024196;,
  -0.322233;0.768924;0.022756;,
  -0.261654;0.726991;0.023777;,
  -0.363397;0.729580;0.021012;,
  -0.371162;0.758440;0.020548;,
  -0.261654;0.726991;0.023777;,
  -0.320722;0.738360;0.072931;,
  -0.322870;0.729854;0.024196;,
  -0.257865;0.737137;0.085756;,
  -0.368532;0.741581;0.063841;,
  -0.363397;0.729580;0.021012;,
  -0.319754;0.769292;0.071479;,
  -0.260327;0.784035;0.074769;,
  -0.371412;0.760046;0.060981;,
  -0.094460;0.806582;0.061203;,
  -0.097731;0.808537;0.037660;,
  -0.062026;0.801859;0.056132;,
  -0.064264;0.803426;0.037839;,
  -0.070246;0.691790;0.070933;,
  -0.052483;0.807705;0.040040;,
  -0.095118;0.795572;0.009621;,
  -0.063884;0.770564;0.001845;,
  -0.095456;0.769338;0.003065;,
  -0.066462;0.790129;0.015550;,
  -0.049787;0.733740;0.088262;,
  0.000000;0.775626;0.086365;,
  0.000000;0.718894;0.084457;,
  -0.073332;0.785828;0.080650;,
  -0.086005;0.746542;0.079527;,
  -0.082129;0.727348;0.025561;,
  -0.088188;0.734836;0.067996;,
  -0.093465;0.745912;0.010980;,
  -0.069210;0.746233;-0.002950;,
  -0.075655;0.685591;-0.001678;,
  -0.076250;0.693397;0.015903;,
  -0.076978;0.687421;0.056037;,
  -0.030269;0.792381;0.027827;,
  -0.027498;0.786363;0.038289;,
  0.000000;0.803112;0.074601;,
  -0.000000;0.782315;0.041880;,
  -0.042024;0.803131;0.026215;,
  -0.025295;0.800528;0.009278;,
  -0.028319;0.795989;0.014144;,
  -0.032627;0.811580;0.013338;,
  -0.039777;0.790513;0.046124;,
  -0.024778;0.781330;0.058443;,
  -0.030719;0.792981;0.105311;,
  -0.021629;0.812739;0.097470;,
  -0.037327;0.821052;0.081233;,
  -0.026383;0.820077;0.092348;,
  -0.017458;0.823785;0.090198;,
  -0.039135;0.813596;0.030679;,
  -0.046393;0.802788;0.047210;,
  -0.042921;0.798001;0.035036;,
  -0.050382;0.794730;0.072255;,
  -0.052827;0.803556;0.076741;,
  -0.038834;0.809013;0.092145;,
  -0.047892;0.818538;0.068039;,
  -0.042496;0.795000;0.094062;,
  -0.041786;0.779268;0.094865;,
  -0.049671;0.787538;0.077409;,
  -0.026310;0.781007;0.076093;,
  -0.000000;0.763899;0.076682;,
  -0.023527;0.767228;0.092177;,
  -0.000260;0.759478;0.092137;,
  -0.020866;0.808247;0.001543;,
  -0.029454;0.775365;0.106108;,
  -0.000260;0.766169;0.108596;,
  -0.029454;0.775365;0.106108;,
  -0.000000;0.775557;0.060765;,
  -0.041786;0.779268;0.094865;,
  -0.046393;0.802788;0.047210;,
  -0.050382;0.794730;0.072255;,
  -0.052848;0.802768;0.072847;,
  -0.052848;0.802768;0.072847;,
  -0.052827;0.803556;0.076741;,
  -0.048840;0.812528;0.060197;,
  -0.048840;0.812528;0.060197;,
  -0.044742;0.816649;0.048088;,
  -0.028681;0.793900;0.025212;,
  -0.030269;0.792381;0.027827;,
  -0.052483;0.807705;0.040040;,
  -0.064264;0.803426;0.037839;,
  -0.039777;0.790513;0.046124;,
  -0.049671;0.787538;0.077409;,
  0.000000;0.531591;0.107691;,
  -0.043088;0.618930;-0.028180;,
  -0.068840;0.619465;0.002870;,
  -0.066108;0.611648;0.039987;,
  0.000000;0.604542;0.071565;,
  -0.064264;0.803426;0.037839;,
  -0.129997;0.788253;0.063665;,
  -0.082923;0.736012;0.080768;,
  -0.086005;0.746542;0.079527;,
  -0.088188;0.734836;0.067996;,
  -0.075552;0.717939;0.037839;,
  -0.082129;0.727348;0.025561;,
  -0.073974;0.716206;-0.002426;,
  -0.069210;0.746233;-0.002950;,
  -0.020313;0.672898;-0.043032;,
  -0.048855;0.669286;-0.043021;,
  -0.067338;0.670733;-0.022250;,
  -0.040391;0.745809;-0.018817;,
  -0.069210;0.746233;-0.002950;,
  -0.093465;0.745912;0.010980;,
  -0.008878;0.702344;-0.039272;,
  -0.008874;0.674384;-0.037072;,
  -0.000260;0.791701;0.110400;,
  -0.000260;0.766169;0.108596;,
  -0.075552;0.717939;0.037839;,
  -0.000260;0.824920;0.092370;,
  0.000000;0.801345;0.052808;,
  -0.017458;0.823785;0.090198;,
  -0.037327;0.821052;0.081233;,
  -0.047892;0.818538;0.068039;,
  -0.044742;0.816649;0.048088;,
  -0.039135;0.813596;0.030679;,
  -0.032627;0.811580;0.013338;,
  -0.020866;0.808247;0.001543;,
  -0.000011;0.803985;-0.001826;,
  0.020844;0.808247;0.001543;,
  0.032124;0.811580;0.013338;,
  0.038633;0.813596;0.030679;,
  0.044222;0.816649;0.048088;,
  0.047373;0.818538;0.068039;,
  0.036807;0.821052;0.081233;,
  0.016939;0.823785;0.090198;,
  -0.368532;0.741581;0.063841;,
  -0.371162;0.758440;0.020548;,
  -0.363397;0.729580;0.021012;,
  -0.371412;0.760046;0.060981;,
  0.371162;0.758440;0.020548;,
  0.368532;0.741581;0.063841;,
  0.363397;0.729580;0.021012;,
  0.371412;0.760046;0.060981;,
  -0.077363;0.509414;-0.013270;,
  -0.087853;0.526093;0.078483;,
  -0.101174;0.516084;0.019812;,
  -0.046817;0.532336;0.107064;,
  -0.043577;0.506005;-0.030905;,
  0.000000;0.531591;0.107691;,
  -0.000000;0.503982;-0.038069;,
  0.087853;0.526093;0.078483;,
  0.077363;0.509414;-0.013270;,
  0.101174;0.516084;0.019812;,
  0.046817;0.532336;0.107064;,
  0.043577;0.506005;-0.030905;;
  556;
  3;0,1,2;,
  3;3,4,5;,
  3;4,3,6;,
  3;7,8,9;,
  3;8,7,10;,
  3;11,12,13;,
  3;12,11,14;,
  3;15,11,16;,
  3;11,15,14;,
  3;17,18,19;,
  3;18,17,15;,
  3;5,20,21;,
  3;20,5,4;,
  3;13,22,23;,
  3;22,13,12;,
  3;24,25,26;,
  3;25,24,27;,
  3;13,28,11;,
  3;28,13,29;,
  3;11,30,16;,
  3;30,11,28;,
  3;31,32,24;,
  3;33,34,35;,
  3;36,37,38;,
  3;37,36,34;,
  3;37,39,38;,
  3;39,37,40;,
  3;41,42,43;,
  3;44,45,42;,
  3;45,44,46;,
  3;47,48,49;,
  3;48,47,50;,
  3;48,51,49;,
  3;51,48,52;,
  3;53,47,54;,
  3;47,53,55;,
  3;49,56,57;,
  3;56,49,51;,
  3;58,57,44;,
  3;57,46,44;,
  3;46,57,56;,
  3;59,60,61;,
  3;60,59,62;,
  3;62,63,60;,
  3;63,62,64;,
  3;65,66,67;,
  3;66,65,68;,
  3;68,69,66;,
  3;69,68,70;,
  3;67,71,72;,
  3;71,67,66;,
  3;66,73,71;,
  3;73,66,69;,
  3;72,62,59;,
  3;62,72,71;,
  3;71,64,62;,
  3;64,71,73;,
  3;56,59,46;,
  3;59,56,72;,
  3;46,61,45;,
  3;61,46,59;,
  3;51,65,67;,
  3;65,51,52;,
  3;67,56,51;,
  3;56,67,72;,
  3;74,58,75;,
  3;75,76,74;,
  3;76,75,77;,
  3;32,27,24;,
  3;27,32,78;,
  3;9,79,7;,
  3;80,81,82;,
  3;81,80,83;,
  3;41,83,80;,
  3;8,10,84;,
  3;84,85,86;,
  3;85,84,10;,
  3;74,76,87;,
  3;53,87,88;,
  3;55,89,90;,
  3;89,55,91;,
  3;92,90,89;,
  3;93,94,36;,
  3;35,95,33;,
  3;7,96,97;,
  3;96,7,79;,
  3;98,97,99;,
  3;97,98,7;,
  3;15,16,18;,
  3;16,30,18;,
  3;100,101,102;,
  3;101,100,103;,
  3;104,97,96;,
  3;97,104,105;,
  3;106,107,108;,
  3;107,106,109;,
  3;110,111,112;,
  3;100,113,114;,
  3;113,100,102;,
  3;115,114,116;,
  3;114,115,100;,
  3;117,118,119;,
  3;118,117,120;,
  3;117,119,121;,
  3;105,122,123;,
  3;122,105,104;,
  3;124,125,126;,
  3;125,124,123;,
  3;115,103,100;,
  3;118,110,112;,
  3;102,101,127;,
  3;127,128,129;,
  3;128,127,101;,
  3;109,118,112;,
  3;106,121,119;,
  3;121,106,130;,
  3;125,131,126;,
  3;131,125,132;,
  3;118,106,119;,
  3;99,105,133;,
  3;105,99,97;,
  3;133,123,124;,
  3;123,133,105;,
  3;123,134,125;,
  3;134,123,122;,
  3;132,125,134;,
  3;135,136,137;,
  3;116,138,117;,
  3;139,136,140;,
  3;140,136,135;,
  3;141,120,117;,
  3;120,141,142;,
  3;143,144,145;,
  3;144,143,103;,
  3;79,9,146;,
  3;144,115,147;,
  3;115,144,103;,
  3;147,116,148;,
  3;116,147,115;,
  3;1,149,143;,
  3;19,150,17;,
  3;150,19,151;,
  3;23,29,13;,
  3;29,23,152;,
  3;98,85,10;,
  3;112,153,109;,
  3;153,112,154;,
  3;155,17,150;,
  3;17,155,156;,
  3;156,15,17;,
  3;15,156,157;,
  3;157,14,15;,
  3;14,157,158;,
  3;14,31,12;,
  3;31,14,158;,
  3;12,159,22;,
  3;159,12,31;,
  3;145,160,143;,
  3;143,160,2;,
  3;82,75,80;,
  3;75,82,77;,
  3;75,41,80;,
  3;41,75,58;,
  3;58,44,41;,
  3;57,58,161;,
  3;110,118,120;,
  3;114,142,141;,
  3;142,114,113;,
  3;154,111,162;,
  3;111,154,112;,
  3;158,33,32;,
  3;163,164,165;,
  3;95,32,33;,
  3;32,95,78;,
  3;32,31,158;,
  3;98,10,7;,
  3;84,78,163;,
  3;78,84,27;,
  3;78,164,163;,
  3;164,78,95;,
  3;164,35,166;,
  3;35,164,95;,
  3;166,94,167;,
  3;94,166,35;,
  3;168,167,94;,
  3;167,168,169;,
  3;170,4,171;,
  3;4,170,20;,
  3;171,6,172;,
  3;6,171,4;,
  3;173,0,169;,
  3;0,173,1;,
  3;174,83,175;,
  3;83,174,81;,
  3;83,41,175;,
  3;53,91,55;,
  3;91,53,88;,
  3;176,1,173;,
  3;1,176,177;,
  3;38,172,36;,
  3;172,38,171;,
  3;93,6,168;,
  3;168,3,169;,
  3;169,5,173;,
  3;5,169,3;,
  3;173,21,176;,
  3;178,21,20;,
  3;179,20,170;,
  3;20,179,178;,
  3;38,170,171;,
  3;6,93,172;,
  3;94,93,168;,
  3;172,93,36;,
  3;106,108,180;,
  3;106,118,109;,
  3;117,148,116;,
  3;148,117,121;,
  3;26,31,24;,
  3;31,26,159;,
  3;143,181,103;,
  3;181,143,149;,
  3;180,130,106;,
  3;130,180,182;,
  3;181,101,103;,
  3;101,181,128;,
  3;153,107,109;,
  3;86,27,84;,
  3;27,86,25;,
  3;87,53,74;,
  3;42,41,44;,
  3;74,53,161;,
  3;58,74,161;,
  3;170,38,39;,
  3;178,183,184;,
  3;183,178,179;,
  3;21,178,184;,
  3;170,39,179;,
  3;21,184,176;,
  3;21,173,5;,
  3;3,168,6;,
  3;89,91,185;,
  3;41,43,175;,
  3;50,55,90;,
  3;55,50,47;,
  3;49,54,47;,
  3;53,54,161;,
  3;54,57,161;,
  3;57,54,49;,
  3;165,84,163;,
  3;84,165,8;,
  3;2,1,143;,
  3;149,1,177;,
  3;40,37,156;,
  3;156,34,157;,
  3;34,156,37;,
  3;33,157,34;,
  3;157,33,158;,
  3;155,40,156;,
  3;40,155,183;,
  3;179,40,183;,
  3;40,179,39;,
  3;94,34,36;,
  3;34,94,35;,
  3;186,187,188;,
  3;189,190,191;,
  3;190,189,192;,
  3;193,194,195;,
  3;194,193,196;,
  3;197,198,199;,
  3;198,197,200;,
  3;201,197,199;,
  3;197,201,202;,
  3;203,204,201;,
  3;204,203,205;,
  3;192,206,190;,
  3;206,192,207;,
  3;200,208,198;,
  3;208,200,209;,
  3;210,211,212;,
  3;211,210,213;,
  3;200,214,215;,
  3;214,200,197;,
  3;197,216,214;,
  3;216,197,202;,
  3;217,210,218;,
  3;219,220,221;,
  3;222,223,221;,
  3;223,222,224;,
  3;223,225,226;,
  3;225,223,224;,
  3;227,228,229;,
  3;230,231,232;,
  3;231,230,229;,
  3;233,234,235;,
  3;234,233,236;,
  3;234,237,238;,
  3;237,234,236;,
  3;239,233,240;,
  3;233,239,241;,
  3;236,242,237;,
  3;242,236,243;,
  3;244,230,243;,
  3;243,232,242;,
  3;232,243,230;,
  3;245,246,247;,
  3;246,245,248;,
  3;247,249,250;,
  3;249,247,246;,
  3;251,252,253;,
  3;252,251,254;,
  3;253,255,256;,
  3;255,253,252;,
  3;254,257,252;,
  3;257,254,258;,
  3;252,259,255;,
  3;259,252,257;,
  3;258,247,257;,
  3;247,258,245;,
  3;257,250,259;,
  3;250,257,247;,
  3;242,245,258;,
  3;245,242,232;,
  3;232,248,245;,
  3;248,232,231;,
  3;237,251,238;,
  3;251,237,254;,
  3;254,242,258;,
  3;242,254,237;,
  3;260,261,244;,
  3;261,262,263;,
  3;262,261,260;,
  3;218,212,264;,
  3;212,218,210;,
  3;196,193,265;,
  3;266,267,268;,
  3;267,266,269;,
  3;227,266,268;,
  3;194,270,195;,
  3;270,271,195;,
  3;271,270,272;,
  3;260,273,262;,
  3;239,274,273;,
  3;240,275,276;,
  3;275,240,277;,
  3;278,275,277;,
  3;279,222,280;,
  3;220,219,281;,
  3;193,282,265;,
  3;282,193,283;,
  3;284,283,193;,
  3;283,284,285;,
  3;201,204,202;,
  3;202,204,216;,
  3;286,287,288;,
  3;287,286,289;,
  3;290,283,291;,
  3;283,290,282;,
  3;292,107,293;,
  3;107,292,108;,
  3;294,295,296;,
  3;286,297,289;,
  3;297,286,298;,
  3;299,298,286;,
  3;298,299,300;,
  3;301,302,303;,
  3;302,301,304;,
  3;301,305,304;,
  3;291,306,290;,
  3;306,291,307;,
  3;308,309,307;,
  3;309,308,310;,
  3;299,286,288;,
  3;302,295,294;,
  3;289,311,287;,
  3;311,128,287;,
  3;128,311,129;,
  3;293,295,302;,
  3;292,305,312;,
  3;305,292,304;,
  3;309,313,314;,
  3;313,309,310;,
  3;302,304,292;,
  3;285,291,283;,
  3;291,285,315;,
  3;315,307,291;,
  3;307,315,308;,
  3;316,307,309;,
  3;307,316,306;,
  3;314,316,309;,
  3;317,318,319;,
  3;300,301,320;,
  3;321,322,319;,
  3;322,317,319;,
  3;323,303,324;,
  3;303,323,301;,
  3;325,326,288;,
  3;326,325,327;,
  3;265,328,196;,
  3;326,299,288;,
  3;299,326,329;,
  3;329,300,299;,
  3;300,329,330;,
  3;188,325,149;,
  3;205,150,151;,
  3;150,205,203;,
  3;209,215,331;,
  3;215,209,200;,
  3;284,195,271;,
  3;295,153,154;,
  3;153,295,293;,
  3;155,203,332;,
  3;203,155,150;,
  3;332,201,333;,
  3;201,332,203;,
  3;333,199,334;,
  3;199,333,201;,
  3;199,217,334;,
  3;217,199,198;,
  3;198,335,217;,
  3;335,198,208;,
  3;327,325,336;,
  3;325,187,336;,
  3;269,261,263;,
  3;261,269,266;,
  3;227,261,266;,
  3;261,227,244;,
  3;244,227,230;,
  3;243,337,244;,
  3;294,303,302;,
  3;298,324,297;,
  3;324,298,323;,
  3;154,296,295;,
  3;296,154,162;,
  3;334,218,219;,
  3;338,339,340;,
  3;281,218,264;,
  3;218,281,219;,
  3;218,334,217;,
  3;284,193,195;,
  3;270,264,212;,
  3;264,270,338;,
  3;264,340,281;,
  3;340,264,338;,
  3;340,220,281;,
  3;220,340,341;,
  3;341,280,220;,
  3;280,341,342;,
  3;343,342,344;,
  3;342,343,280;,
  3;345,190,206;,
  3;190,345,346;,
  3;346,191,190;,
  3;191,346,347;,
  3;348,186,188;,
  3;186,348,344;,
  3;349,268,267;,
  3;268,349,350;,
  3;268,350,227;,
  3;239,276,274;,
  3;276,239,240;,
  3;176,188,177;,
  3;188,176,348;,
  3;224,347,346;,
  3;347,224,222;,
  3;279,343,191;,
  3;343,344,189;,
  3;344,192,189;,
  3;192,344,348;,
  3;348,176,207;,
  3;351,206,207;,
  3;352,206,351;,
  3;206,352,345;,
  3;224,346,345;,
  3;191,347,279;,
  3;280,343,279;,
  3;347,222,279;,
  3;292,353,108;,
  3;292,293,302;,
  3;301,330,305;,
  3;330,301,300;,
  3;213,217,335;,
  3;217,213,210;,
  3;325,181,149;,
  3;181,325,288;,
  3;353,312,354;,
  3;312,353,292;,
  3;181,287,128;,
  3;287,181,288;,
  3;153,293,107;,
  3;272,212,211;,
  3;212,272,270;,
  3;273,260,239;,
  3;229,230,227;,
  3;260,337,239;,
  3;244,337,260;,
  3;345,225,224;,
  3;351,183,352;,
  3;183,351,184;,
  3;207,184,351;,
  3;345,352,225;,
  3;207,176,184;,
  3;207,192,348;,
  3;189,191,343;,
  3;275,355,276;,
  3;227,350,228;,
  3;235,240,233;,
  3;240,235,277;,
  3;236,233,241;,
  3;239,337,241;,
  3;241,243,236;,
  3;243,241,337;,
  3;339,270,194;,
  3;270,339,338;,
  3;187,325,188;,
  3;149,177,188;,
  3;226,332,223;,
  3;332,221,223;,
  3;221,332,333;,
  3;219,333,334;,
  3;333,219,221;,
  3;155,332,226;,
  3;226,183,155;,
  3;352,226,225;,
  3;226,352,183;,
  3;280,221,220;,
  3;221,280,222;,
  3;356,357,358;,
  3;358,357,359;,
  3;357,360,359;,
  3;360,357,361;,
  3;361,357,362;,
  3;362,357,363;,
  3;357,364,363;,
  3;357,365,364;,
  3;357,366,365;,
  3;357,367,366;,
  3;357,368,367;,
  3;357,369,368;,
  3;357,370,369;,
  3;371,370,357;,
  3;372,371,357;,
  3;356,372,357;,
  3;373,374,375;,
  3;374,373,376;,
  3;377,378,379;,
  3;378,377,380;,
  3;381,382,383;,
  3;381,384,382;,
  3;385,384,381;,
  3;385,386,384;,
  3;387,386,385;,
  3;388,389,390;,
  3;391,389,388;,
  3;391,392,389;,
  3;386,392,391;,
  3;386,387,392;;

  MeshNormals {
   393;
   0.094125;0.397101;-0.912936;,
   0.099853;0.614872;-0.782280;,
   -0.109221;0.706444;-0.699291;,
   0.692941;0.366796;-0.620720;,
   0.308497;0.234438;-0.921883;,
   0.222199;0.521149;-0.824034;,
   0.820649;0.104767;-0.561746;,
   -0.066732;0.955827;0.286254;,
   0.218161;0.437371;0.872417;,
   0.034439;0.927367;0.372565;,
   0.092725;0.351063;0.931749;,
   0.824065;0.413766;0.386929;,
   0.318518;0.396374;0.861066;,
   0.317130;0.503941;0.803413;,
   0.838607;0.370932;0.398934;,
   0.906632;0.244424;-0.343913;,
   0.919467;0.233059;-0.316645;,
   0.469366;0.068361;-0.880353;,
   0.704322;0.051919;-0.707979;,
   0.157326;-0.014415;-0.987442;,
   -0.235480;0.227556;-0.944864;,
   -0.052057;0.459520;-0.886640;,
   0.000000;0.380881;0.924624;,
   0.000000;0.492780;0.870154;,
   0.218250;-0.076220;0.972912;,
   -0.000000;-0.205740;0.978607;,
   0.000000;-0.030348;0.999539;,
   0.143344;-0.270502;0.951988;,
   0.785247;0.409197;0.464698;,
   0.286521;0.508420;0.812044;,
   0.958069;0.206234;-0.198925;,
   0.371825;0.147663;0.916483;,
   0.727255;-0.203078;0.655637;,
   0.979782;-0.168471;0.107907;,
   0.919378;-0.105568;-0.378944;,
   0.986886;-0.150146;-0.059262;,
   0.917795;-0.314471;-0.242406;,
   0.358431;-0.104376;-0.927703;,
   0.427338;-0.503805;-0.750708;,
   -0.113024;-0.405697;-0.906993;,
   0.014208;-0.166358;-0.985963;,
   0.177716;0.494075;-0.851062;,
   0.056634;-0.748019;-0.661257;,
   0.056687;-0.764480;-0.642150;,
   0.195742;0.693339;-0.693517;,
   -0.120102;-0.710439;-0.693435;,
   0.045588;0.768842;-0.637811;,
   -0.095240;-0.744570;0.660715;,
   0.056634;-0.748019;-0.661257;,
   -0.098948;-0.572949;0.813596;,
   0.056687;-0.764480;-0.642150;,
   -0.144217;-0.533570;0.833369;,
   -0.120102;-0.710439;-0.693435;,
   0.259907;-0.069325;0.963142;,
   -0.146316;0.177668;0.973153;,
   0.443937;-0.810485;0.382145;,
   0.015492;0.775075;0.631680;,
   0.050032;0.780893;0.622658;,
   0.157166;0.983972;0.084255;,
   0.023121;0.747764;-0.663562;,
   0.003855;-0.775455;-0.631391;,
   -0.145922;-0.748562;-0.646809;,
   0.113635;0.687215;-0.717512;,
   -0.006414;-0.736405;-0.676511;,
   0.091374;0.685870;-0.721965;,
   -0.145922;-0.748562;-0.646809;,
   0.153022;-0.596325;0.788023;,
   -0.061036;-0.571131;0.818587;,
   0.003855;-0.775455;-0.631391;,
   0.176263;-0.551421;0.815393;,
   -0.006414;-0.736405;-0.676511;,
   0.254568;0.701983;0.665143;,
   0.081796;0.779160;0.621465;,
   0.260923;0.751628;0.605784;,
   0.104950;0.831899;0.544913;,
   0.062789;0.982225;-0.176896;,
   0.034439;0.927367;0.372565;,
   -0.011798;0.961341;-0.275107;,
   0.579057;-0.340186;0.740923;,
   -0.043339;0.961159;-0.272573;,
   0.026867;0.683322;-0.729623;,
   0.094125;0.397101;-0.912936;,
   -0.109221;0.706444;-0.699291;,
   0.186937;0.031847;-0.981856;,
   0.099684;-0.125752;0.987041;,
   0.000000;0.191329;0.981526;,
   -0.000000;-0.183225;0.983071;,
   0.218161;0.437371;0.872417;,
   0.501928;-0.123788;0.856005;,
   0.885511;-0.430082;-0.175786;,
   0.376517;-0.612049;-0.695435;,
   0.850370;-0.440084;0.288438;,
   0.528925;0.129156;-0.838783;,
   0.980370;-0.187953;-0.059565;,
   0.993762;-0.097849;-0.053499;,
   0.957966;-0.248983;0.142507;,
   -0.511253;-0.852372;-0.109921;,
   -0.041164;-0.300232;-0.952978;,
   -0.000026;0.938776;0.344528;,
   0.000095;-0.223913;-0.974609;,
   0.904910;-0.088535;-0.416292;,
   0.534545;-0.341637;-0.773011;,
   0.791292;-0.088168;-0.605049;,
   0.574272;-0.526484;-0.626918;,
   0.616112;-0.749531;-0.242093;,
   0.306989;-0.920931;-0.240091;,
   0.420863;0.180120;0.889062;,
   0.000000;0.473743;0.880663;,
   0.000000;0.396389;0.918083;,
   0.259186;0.476176;0.840285;,
   0.619604;0.600637;0.505299;,
   0.176172;0.815984;0.550576;,
   0.333987;0.683890;0.648650;,
   0.901818;0.338711;-0.268327;,
   0.970256;0.013926;-0.241682;,
   0.831936;-0.474632;-0.287414;,
   0.942725;-0.326971;-0.066022;,
