xof 0303txt 0032
template ColorRGBA {
 <35ff44e0-6c7c-11cf-8f52-0040333594a3>
 FLOAT red;
 FLOAT green;
 FLOAT blue;
 FLOAT alpha;
}

template ColorRGB {
 <d3e16e81-7835-11cf-8f52-0040333594a3>
 FLOAT red;
 FLOAT green;
 FLOAT blue;
}

template Material {
 <3d82ab4d-62da-11cf-ab39-0020af71e433>
 ColorRGBA faceColor;
 FLOAT power;
 ColorRGB specularColor;
 ColorRGB emissiveColor;
 [...]
}

template TextureFilename {
 <a42790e1-7810-11cf-8f52-0040333594a3>
 STRING filename;
}

template Frame {
 <3d82ab46-62da-11cf-ab39-0020af71e433>
 [...]
}

template Matrix4x4 {
 <f6f23f45-7686-11cf-8f52-0040333594a3>
 array FLOAT matrix[16];
}

template FrameTransformMatrix {
 <f6f23f41-7686-11cf-8f52-0040333594a3>
 Matrix4x4 frameMatrix;
}

template Vector {
 <3d82ab5e-62da-11cf-ab39-0020af71e433>
 FLOAT x;
 FLOAT y;
 FLOAT z;
}

template MeshFace {
 <3d82ab5f-62da-11cf-ab39-0020af71e433>
 DWORD nFaceVertexIndices;
 array DWORD faceVertexIndices[nFaceVertexIndices];
}

template Mesh {
 <3d82ab44-62da-11cf-ab39-0020af71e433>
 DWORD nVertices;
 array Vector vertices[nVertices];
 DWORD nFaces;
 array MeshFace faces[nFaces];
 [...]
}

template MeshNormals {
 <f6f23f43-7686-11cf-8f52-0040333594a3>
 DWORD nNormals;
 array Vector normals[nNormals];
 DWORD nFaceNormals;
 array MeshFace faceNormals[nFaceNormals];
}

template MeshMaterialList {
 <f6f23f42-7686-11cf-8f52-0040333594a3>
 DWORD nMaterials;
 DWORD nFaceIndexes;
 array DWORD faceIndexes[nFaceIndexes];
 [Material <3d82ab4d-62da-11cf-ab39-0020af71e433>]
}

template Coords2d {
 <f6f23f44-7686-11cf-8f52-0040333594a3>
 FLOAT u;
 FLOAT v;
}

template MeshTextureCoords {
 <f6f23f40-7686-11cf-8f52-0040333594a3>
 DWORD nTextureCoords;
 array Coords2d textureCoords[nTextureCoords];
}

template XSkinMeshHeader {
 <3cf169ce-ff7c-44ab-93c0-f78f62d172e2>
 WORD nMaxSkinWeightsPerVertex;
 WORD nMaxSkinWeightsPerFace;
 WORD nBones;
}

template SkinWeights {
 <6f0d123b-bad2-4167-a0d0-80224f25fabb>
 STRING transformNodeName;
 DWORD nWeights;
 array DWORD vertexIndices[nWeights];
 array FLOAT weights[nWeights];
 Matrix4x4 matrixOffset;
}

template AnimTicksPerSecond {
 <9e415a43-7ba6-4a73-8743-b73d47e88476>
 DWORD AnimTicksPerSecond;
}

template Animation {
 <3d82ab4f-62da-11cf-ab39-0020af71e433>
 [...]
}

template AnimationSet {
 <3d82ab50-62da-11cf-ab39-0020af71e433>
 [Animation <3d82ab4f-62da-11cf-ab39-0020af71e433>]
}

template FloatKeys {
 <10dd46a9-775b-11cf-8f52-0040333594a3>
 DWORD nValues;
 array FLOAT values[nValues];
}

template TimedFloatKeys {
 <f406b180-7b3b-11cf-8f52-0040333594a3>
 DWORD time;
 FloatKeys tfkeys;
}

template AnimationKey {
 <10dd46a8-775b-11cf-8f52-0040333594a3>
 DWORD keyType;
 DWORD nKeys;
 array TimedFloatKeys keys[nKeys];
}


Material _03_-_Default {
 1.000000;1.000000;1.000000;1.000000;;
 9.999999;
 0.000000;0.000000;0.000000;;
 0.000000;0.000000;0.000000;;

 TextureFilename {
  "Boilersuit_Red.png";
 }
}

Frame Dummy01 {
 

 FrameTransformMatrix {
  1.000000,0.000000,0.000000,0.000000,0.000000,-0.000000,-1.000000,0.000000,0.000000,1.000000,-0.000000,0.000000,0.000000,0.000000,0.000000,1.000000;;
 }

 Frame Bip01 {
  

  FrameTransformMatrix {
   -0.087155,0.982405,-0.165183,0.000000,-0.000001,0.165814,0.986157,0.000000,0.996195,0.085949,-0.014450,0.000000,-0.010000,-0.012284,0.490453,1.000000;;
  }

  Frame Bip01_Pelvis {
   

   FrameTransformMatrix {
    0.000000,1.000000,-0.000001,0.000000,-0.000001,0.000001,1.000000,0.000000,1.000000,0.000000,0.000001,0.000000,0.000000,0.000000,0.000000,1.000000;;
   }

   Frame Bip01_Spine {
    

    FrameTransformMatrix {
     0.984686,0.000002,-0.174337,0.000000,-0.000001,1.000000,0.000004,0.000000,0.174337,-0.000004,0.984686,0.000000,0.051619,0.000000,-0.000083,1.000000;;
    }

    Frame Bip01_Spine1 {
     

     FrameTransformMatrix {
      0.997819,0.052687,0.039774,0.000000,-0.044862,0.983198,-0.176942,0.000000,-0.048428,0.174771,0.983417,0.000000,0.106484,-0.000015,-0.000083,1.000000;;
     }

     Frame Bip01_Neck {
      

      FrameTransformMatrix {
       0.966067,-0.020835,0.257451,0.000000,0.025191,0.999590,-0.013632,0.000000,-0.257061,0.019655,0.966195,0.000000,0.130511,-0.000001,0.004626,1.000000;;
      }

      Frame Bip01_Head {
       

       FrameTransformMatrix {
        0.989321,-0.051753,-0.136255,0.000000,0.064251,0.993958,0.088989,0.000000,0.130826,-0.096793,0.986669,0.000000,0.033674,-0.000000,0.000000,1.000000;;
       }

       Frame Bip01_HeadNub {
        

        FrameTransformMatrix {
         1.000000,-0.000000,-0.000000,0.000000,-0.000000,1.000000,0.000000,0.000000,0.000000,-0.000000,1.000000,0.000000,0.169824,0.000000,-0.000000,1.000000;;
        }
       }
      }

      Frame Bip01_L_Clavicle {
       

       FrameTransformMatrix {
        -0.205975,0.976135,0.068811,0.000000,0.943873,0.216738,-0.249254,0.000000,-0.258220,0.013609,-0.965990,0.000000,-0.024734,0.015166,0.002017,1.000000;;
       }

       Frame Bip01_L_UpperArm {
        

        FrameTransformMatrix {
         0.385871,-0.777669,0.496320,0.000000,0.922466,0.332598,-0.196046,0.000000,-0.012616,0.533487,0.845714,0.000000,0.073469,0.000000,-0.000000,1.000000;;
        }

        Frame Bip01_L_Forearm {
         

         FrameTransformMatrix {
          0.943939,0.000000,-0.330119,0.000000,0.000000,1.000000,-0.000000,0.000000,0.330119,-0.000000,0.943939,0.000000,0.148340,0.000000,-0.000000,1.000000;;
         }

         Frame Bip01_L_Hand {
          

          FrameTransformMatrix {
           1.000000,-0.000000,0.000000,0.000000,0.000000,0.000796,1.000000,0.000000,0.000000,-1.000000,0.000796,0.000000,0.131860,-0.000000,0.000000,1.000000;;
          }

          Frame Bip01_L_Finger0 {
           

           FrameTransformMatrix {
            0.690342,-0.181727,0.700288,0.000000,0.558537,0.749101,-0.356210,0.000000,-0.459853,0.637043,0.618637,0.000000,0.057681,-0.023605,-0.000272,1.000000;;
           }

           Frame Bip01_L_Finger0Nub {
            

            FrameTransformMatrix {
             1.000000,0.000000,0.000000,0.000000,0.000000,1.000000,0.000000,0.000000,-0.000000,0.000000,1.000000,0.000000,0.029435,0.000000,0.000000,1.000000;;
            }
           }
          }

          Frame Bip01_L_Finger1 {
           

           FrameTransformMatrix {
            0.728079,-0.000546,0.685493,0.000000,0.000000,1.000000,0.000796,0.000000,-0.685493,-0.000580,0.728079,0.000000,0.084102,0.000000,0.000000,1.000000;;
           }

           Frame Bip01_L_Finger1Nub {
            

            FrameTransformMatrix {
             1.000000,0.000000,0.000000,0.000000,-0.000000,1.000000,0.000000,0.000000,-0.000000,0.000000,1.000000,0.000000,0.047988,-0.000000,0.000000,1.000000;;
            }
           }
          }
         }
        }
       }
      }

      Frame Bip01_R_Clavicle {
       

       FrameTransformMatrix {
        -0.028509,-0.999573,-0.006461,0.000000,-0.965665,0.025871,0.258498,0.000000,-0.258220,0.013609,-0.965990,0.000000,-0.024080,-0.016250,0.001399,1.000000;;
       }

       Frame Bip01_R_UpperArm {
        

        FrameTransformMatrix {
         0.221390,0.975047,0.016433,0.000000,-0.974986,0.221654,-0.016512,0.000000,-0.019742,-0.012366,0.999728,0.000000,0.073469,0.000000,-0.000000,1.000000;;
        }

        Frame Bip01_R_Forearm {
         

         FrameTransformMatrix {
          0.915660,-0.000000,-0.401954,0.000000,-0.000000,1.000000,-0.000000,0.000000,0.401954,-0.000000,0.915660,0.000000,0.148340,0.000000,-0.000000,1.000000;;
         }

         Frame Bip01_R_Hand {
          

          FrameTransformMatrix {
           0.975195,-0.000000,-0.221346,0.000000,-0.221346,0.000796,-0.975195,0.000000,0.000176,1.000000,0.000777,0.000000,0.131860,0.000000,0.000000,1.000000;;
          }

          Frame Bip01_R_Finger0 {
           

           FrameTransformMatrix {
            0.417774,-0.116941,0.900994,0.000000,-0.558537,0.749101,0.356210,0.000000,-0.716591,-0.652054,0.247639,0.000000,0.057681,0.023605,-0.000272,1.000000;;
           }

           Frame Bip01_R_Finger0Nub {
            

            FrameTransformMatrix {
             -1.000000,0.000000,0.000000,0.000000,0.000000,1.000000,-0.000000,0.000000,0.000000,0.000000,-1.000000,0.000000,0.029435,0.000000,-0.000000,1.000000;;
            }
           }
          }

          Frame Bip01_R_Finger1 {
           

           FrameTransformMatrix {
            0.352436,0.000745,0.935835,0.000000,-0.000000,1.000000,-0.000796,0.000000,-0.935836,0.000281,0.352436,0.000000,0.084102,-0.000000,0.000000,1.000000;;
           }

           Frame Bip01_R_Finger1Nub {
            

            FrameTransformMatrix {
             -1.000000,0.000000,0.000000,0.000000,0.000000,1.000000,-0.000000,0.000000,-0.000000,0.000000,-1.000000,0.000000,0.047988,0.000000,-0.000000,1.000000;;
            }
           }
          }
         }
        }
       }
      }
     }

     Frame Bip01_BackPack {
      

      FrameTransformMatrix {
       0.180560,0.080500,-0.980264,0.000000,0.047560,0.994764,0.090451,0.000000,0.982413,-0.062954,0.175786,0.000000,0.063697,0.000003,-0.088856,1.000000;;
      }

      Frame Bip01_BackPackNub {
       

       FrameTransformMatrix {
        0.000796,0.000003,1.000000,0.000000,0.000000,-1.000000,0.000003,0.000000,1.000000,-0.000000,-0.000796,0.000000,0.053240,0.000000,0.000000,1.000000;;
       }
      }
     }
    }

    Frame Bip01_L_Thigh {
     

     FrameTransformMatrix {
      -0.888504,0.030427,0.457858,0.000000,-0.032107,-0.999476,0.004114,0.000000,0.457744,-0.011045,0.889016,0.000000,-0.050843,0.055225,-0.008917,1.000000;;
     }

     Frame Bip01_L_Calf {
      

      FrameTransformMatrix {
       0.942235,-0.000000,-0.334952,0.000000,-0.000000,1.000000,-0.000000,0.000000,0.334952,-0.000000,0.942235,0.000000,0.237500,0.000000,-0.000000,1.000000;;
      }

      Frame Bip01_L_Foot {
       

       FrameTransformMatrix {
        0.924325,-0.026487,0.380687,0.000000,-0.068962,0.969570,0.234901,0.000000,-0.375325,-0.243378,0.894371,0.000000,0.206841,0.000000,0.000000,1.000000;;
       }

       Frame Bip01_L_Toe0 {
        

        FrameTransformMatrix {
         0.000000,0.000000,1.000000,0.000000,0.000000,1.000000,-0.000000,0.000000,-1.000000,0.000000,0.000000,0.000000,0.065373,0.000000,0.066450,1.000000;;
        }

        Frame Bip01_L_Toe0Nub {
         

         FrameTransformMatrix {
          -1.000000,0.000000,0.000000,0.000000,0.000000,1.000000,0.000000,0.000000,0.000000,0.000000,-1.000000,0.000000,0.006735,-0.000000,0.000000,1.000000;;
         }
        }
       }
      }
     }
    }

    Frame Bip01_R_Thigh {
     

     FrameTransformMatrix {
      -0.996965,0.030321,-0.071704,0.000000,-0.029454,-0.999480,-0.013113,0.000000,-0.072065,-0.010961,0.997340,0.000000,-0.050843,-0.055225,-0.008917,1.000000;;
     }

     Frame Bip01_R_Calf {
      

      FrameTransformMatrix {
       0.730239,0.000000,-0.683192,0.000000,0.000000,1.000000,0.000000,0.000000,0.683192,0.000000,0.730239,0.000000,0.237500,0.000000,0.000000,1.000000;;
      }

      Frame Bip01_R_Foot {
       

       FrameTransformMatrix {
        0.991957,0.087165,-0.091782,0.000000,-0.093276,0.993546,-0.064539,0.000000,0.085565,0.072581,0.993685,0.000000,0.206841,0.000000,0.000000,1.000000;;
       }

       Frame Bip01_R_Toe0 {
        

        FrameTransformMatrix {
         0.000000,0.000000,1.000000,0.000000,0.000000,1.000000,-0.000000,0.000000,-1.000000,0.000000,0.000000,0.000000,0.065373,0.000000,0.066450,1.000000;;
        }

        Frame Bip01_R_Toe0Nub {
         

         FrameTransformMatrix {
          1.000000,0.000000,0.000000,0.000000,0.000000,1.000000,-0.000000,0.000000,-0.000000,-0.000000,1.000000,0.000000,0.006735,-0.000000,0.000000,1.000000;;
         }
        }
       }
      }
     }
    }
   }

   Frame Bip01_DressFront {
    

    FrameTransformMatrix {
     -0.880185,-0.088339,0.466338,0.000000,0.121847,0.907542,0.401896,0.000000,-0.458725,0.410564,-0.788041,0.000000,-0.043935,0.001339,0.061057,1.000000;;
    }

    Frame Bip01_DressFront02 {
     

     FrameTransformMatrix {
      0.912593,0.000001,0.408870,0.000000,-0.000001,1.000000,-0.000000,0.000000,-0.408870,-0.000000,0.912593,0.000000,0.183378,-0.000000,-0.000120,1.000000;;
     }

     Frame Bip01_DressFrontNub {
      

      FrameTransformMatrix {
       0.000796,0.000003,1.000000,0.000000,0.000000,-1.000000,0.000003,0.000000,1.000000,0.000000,-0.000796,0.000000,0.165302,0.000000,0.000000,1.000000;;
      }
     }
    }
   }

   Frame Bip01_DressBack {
    

    FrameTransformMatrix {
     -0.886023,0.038029,0.462080,0.000000,0.191625,0.937561,0.290274,0.000000,-0.422190,0.345735,-0.837988,0.000000,-0.047673,-0.000048,-0.078302,1.000000;;
    }

    Frame Bip01_DressBack02 {
     

     FrameTransformMatrix {
      0.936852,0.174932,-0.302833,0.000000,-0.166408,0.984581,0.053939,0.000000,0.307600,-0.000139,0.951516,0.000000,0.176125,0.000000,-0.000103,1.000000;;
     }

     Frame Bip01_DressBackNub {
      

      FrameTransformMatrix {
       0.000796,0.000003,1.000000,0.000000,0.000000,-1.000000,0.000003,0.000000,1.000000,0.000000,-0.000796,0.000000,0.136508,0.000000,0.000000,1.000000;;
      }
     }
    }
   }
  }

  Frame Bip01_Prop1 {
   

   FrameTransformMatrix {
    -0.233929,-0.108090,0.966227,0.000000,0.687222,0.684611,0.242967,0.000000,-0.687752,0.720849,-0.085868,0.000000,0.072994,-0.055506,-0.134034,1.000000;;
   }
  }

  Frame Bip01_Prop2 {
   

   FrameTransformMatrix {
    -0.163643,-0.967062,0.194966,0.000000,0.985576,-0.168906,-0.010564,0.000000,0.043147,0.190425,0.980753,0.000000,-0.140709,-0.103585,0.102365,1.000000;;
   }
  }
 }
}

Frame Kate_BoilerSuit {
 

 FrameTransformMatrix {
  1.000000,0.000000,0.000000,0.000000,0.000000,1.000000,0.000000,0.000000,0.000000,0.000000,1.000000,0.000000,0.000000,0.000000,0.000000,1.000000;;
 }

 Mesh Kate_BoilerSuit {
  373;
  0.063885;0.770109;0.002847;,
  0.033037;0.771691;0.004560;,
  0.066645;0.789342;0.016297;,
  0.064044;0.727593;-0.014555;,
  0.047810;0.702626;-0.044828;,
  0.042789;0.731901;-0.025974;,
  0.068766;0.697840;-0.028802;,
  0.026464;0.808780;0.061036;,
  0.073159;0.785321;0.079689;,
  0.061536;0.800805;0.055972;,
  0.045123;0.779307;0.084925;,
  0.078409;0.563971;0.055048;,
  0.038502;0.593971;0.070663;,
  0.043454;0.572484;0.084875;,
  0.070335;0.591195;0.044578;,
  0.078862;0.578662;0.003530;,
  0.087815;0.548532;0.009268;,
  0.054670;0.562208;-0.024027;,
  0.075569;0.516048;-0.011286;,
  0.042124;0.505980;-0.021452;,
  0.020640;0.701608;-0.044262;,
  0.017229;0.722794;-0.028667;,
  -0.000000;0.577866;0.068832;,
  0.000000;0.553769;0.081476;,
  0.041936;0.648312;0.064094;,
  0.000000;0.673590;0.069079;,
  0.000000;0.649078;0.068303;,
  0.046264;0.684353;0.071033;,
  0.062408;0.462460;-0.021166;,
  0.113080;0.367299;0.016989;,
  0.075228;0.363937;-0.015027;,
  0.105828;0.466368;0.019540;,
  0.083240;0.271242;-0.002868;,
  0.106146;0.275537;0.025294;,
  0.010976;0.456158;0.003389;,
  0.042408;0.365452;0.083490;,
  0.026617;0.450791;0.082896;,
  0.022976;0.360199;0.013428;,
  0.066419;0.274750;0.069170;,
  0.050768;0.268241;0.021712;,
  0.095093;0.439722;0.079014;,
  0.097792;0.372054;0.075133;,
  0.094814;0.281453;0.068640;,
  0.089271;0.231189;0.012814;,
  0.119563;0.148243;0.045943;,
  0.094499;0.150637;0.021344;,
  0.122797;0.211371;0.036886;,
  0.119493;0.071128;0.054919;,
  0.101354;0.066573;0.027912;,
  0.055457;0.198089;0.033957;,
  0.076154;0.153493;0.089534;,
  0.065917;0.232829;0.090057;,
  0.070390;0.141459;0.043037;,
  0.089718;0.072831;0.082567;,
  0.085638;0.054420;0.052157;,
  0.119697;0.157864;0.088568;,
  0.117188;0.232921;0.088883;,
  0.116138;0.079739;0.082436;,
  0.098127;0.511664;0.020062;,
  0.010976;0.456158;0.003389;,
  -0.000000;0.461173;-0.018140;,
  0.082831;0.524956;0.074308;,
  0.044645;0.530527;0.101822;,
  0.090612;0.469515;0.073820;,
  0.044982;0.477141;0.096355;,
  0.036402;0.607507;0.063400;,
  0.062406;0.649260;0.054436;,
  0.069261;0.657218;0.035898;,
  0.065770;0.655840;-0.002863;,
  0.076056;0.688125;0.038009;,
  0.066642;0.666265;-0.003295;,
  0.042413;0.656882;-0.031878;,
  0.043622;0.659876;-0.031391;,
  0.019624;0.664267;-0.032975;,
  0.015796;0.662417;-0.031953;,
  0.134522;0.786540;0.013288;,
  0.177459;0.740284;0.021294;,
  0.133837;0.746149;0.018814;,
  0.184897;0.790462;0.021099;,
  0.233298;0.737159;0.028184;,
  0.238979;0.781858;0.034851;,
  0.124660;0.747919;0.069340;,
  0.177459;0.740284;0.021294;,
  0.172550;0.746325;0.078909;,
  0.133837;0.746149;0.018814;,
  0.224335;0.744942;0.080926;,
  0.233298;0.737159;0.028184;,
  0.100290;0.759058;0.071379;,
  0.127217;0.769702;0.071698;,
  0.100637;0.743807;0.061290;,
  0.229857;0.782001;0.070979;,
  0.179275;0.791391;0.069234;,
  0.132770;0.797249;0.046705;,
  0.264349;0.782827;0.029261;,
  0.322879;0.730713;0.024883;,
  0.261788;0.727807;0.024504;,
  0.322119;0.768175;0.023554;,
  0.363460;0.730384;0.021759;,
  0.371033;0.757673;0.021326;,
  0.261788;0.727807;0.024504;,
  0.320526;0.739033;0.072084;,
  0.257891;0.737744;0.084839;,
  0.322879;0.730713;0.024883;,
  0.368318;0.742148;0.062923;,
  0.363460;0.730384;0.021759;,
  0.319500;0.768545;0.070713;,
  0.260263;0.783168;0.074096;,
  0.371128;0.759200;0.060338;,
  0.094341;0.805664;0.060609;,
  0.097627;0.807461;0.037866;,
  0.061536;0.800805;0.055972;,
  0.064174;0.802372;0.038165;,
  0.069676;0.692161;0.070068;,
  0.031284;0.808875;0.041002;,
  0.095164;0.794855;0.010454;,
  0.063885;0.770109;0.002847;,
  0.066645;0.789342;0.016297;,
  0.095287;0.769405;0.004150;,
  0.049694;0.733879;0.087175;,
  0.000000;0.775812;0.085206;,
  0.000000;0.719106;0.083378;,
  0.073159;0.785321;0.079689;,
  0.085416;0.746699;0.078611;,
  0.081167;0.727842;0.025764;,
  0.092968;0.746602;0.011678;,
  0.087270;0.735373;0.067715;,
  0.068529;0.746102;-0.002096;,
  0.074575;0.685786;-0.001613;,
  0.075167;0.693562;0.016001;,
  0.075976;0.687787;0.055769;,
  0.022976;0.360199;0.013428;,
  0.050768;0.268241;0.021712;,
  0.055457;0.198089;0.033957;,
  0.070390;0.141459;0.043037;,
  0.085638;0.054420;0.052157;,
  0.000000;0.447254;0.023734;,
  0.064174;0.802372;0.038165;,
  0.000000;0.738540;-0.022409;,
  0.019966;0.797319;0.026926;,
  0.000000;0.560083;-0.031296;,
  0.000000;0.498183;-0.026553;,
  -0.000000;0.520209;0.099786;,
  0.000000;0.482457;0.096179;,
  0.000000;0.470207;0.089642;,
  0.000000;0.808807;0.067109;,
  0.000000;0.447254;0.023734;,
  0.000000;0.617959;-0.032830;,
  0.040890;0.618949;-0.027202;,
  0.065081;0.619338;0.003176;,
  0.062524;0.611507;0.039513;,
  0.000000;0.604501;0.065469;,
  0.031284;0.808875;0.041002;,
  0.064174;0.802372;0.038165;,
  0.129993;0.787569;0.062803;,
  0.082261;0.736219;0.079915;,
  0.087270;0.735373;0.067715;,
  0.085416;0.746699;0.078611;,
  0.074468;0.718075;0.037716;,
  0.081167;0.727842;0.025764;,
  0.072906;0.716062;-0.002206;,
  0.068529;0.746102;-0.002096;,
  0.020599;0.673317;-0.042056;,
  0.048457;0.669769;-0.042116;,
  0.066488;0.671300;-0.021841;,
  0.040208;0.745168;-0.017942;,
  0.068529;0.746102;-0.002096;,
  0.092968;0.746602;0.011678;,
  0.009194;0.702101;-0.038247;,
  0.009200;0.674721;-0.036077;,
  0.000000;0.676720;-0.034866;,
  -0.000000;0.702548;-0.036936;,
  0.074468;0.718075;0.037716;,
  -0.063885;0.770109;0.002847;,
  -0.066645;0.789342;0.016297;,
  -0.033037;0.771691;0.004560;,
  -0.064044;0.727593;-0.014555;,
  -0.047810;0.702626;-0.044828;,
  -0.068766;0.697840;-0.028802;,
  -0.042789;0.731901;-0.025974;,
  -0.026464;0.808780;0.061036;,
  -0.073159;0.785321;0.079689;,
  -0.045123;0.779307;0.084925;,
  -0.061536;0.800805;0.055972;,
  -0.078409;0.563971;0.055048;,
  -0.038502;0.593971;0.070663;,
  -0.070335;0.591195;0.044578;,
  -0.043454;0.572484;0.084875;,
  -0.078862;0.578662;0.003530;,
  -0.087815;0.548532;0.009268;,
  -0.054670;0.562208;-0.024027;,
  -0.075569;0.516048;-0.011286;,
  -0.042124;0.505980;-0.021452;,
  -0.020640;0.701608;-0.044262;,
  -0.017229;0.722794;-0.028667;,
  -0.000000;0.577866;0.068832;,
  0.000000;0.553769;0.081476;,
  -0.041936;0.648312;0.064094;,
  0.000000;0.673590;0.069079;,
  -0.046264;0.684353;0.071033;,
  0.000000;0.649078;0.068303;,
  -0.062408;0.462460;-0.021166;,
  -0.113080;0.367299;0.016989;,
  -0.105828;0.466368;0.019540;,
  -0.075228;0.363937;-0.015027;,
  -0.083240;0.271242;-0.002868;,
  -0.106146;0.275537;0.025294;,
  -0.010976;0.456158;0.003389;,
  -0.042408;0.365452;0.083490;,
  -0.022976;0.360199;0.013428;,
  -0.026617;0.450791;0.082896;,
  -0.066419;0.274750;0.069170;,
  -0.050768;0.268241;0.021712;,
  -0.095093;0.439722;0.079014;,
  -0.097792;0.372054;0.075133;,
  -0.094814;0.281453;0.068640;,
  -0.089271;0.231189;0.012814;,
  -0.119563;0.148243;0.045943;,
  -0.122797;0.211371;0.036886;,
  -0.094499;0.150637;0.021344;,
  -0.119493;0.071128;0.054919;,
  -0.101354;0.066573;0.027912;,
  -0.055457;0.198089;0.033957;,
  -0.076154;0.153493;0.089534;,
  -0.070390;0.141459;0.043037;,
  -0.065917;0.232829;0.090057;,
  -0.089718;0.072831;0.082567;,
  -0.085638;0.054420;0.052157;,
  -0.119697;0.157864;0.088568;,
  -0.117188;0.232921;0.088883;,
  -0.116138;0.079739;0.082436;,
  -0.098127;0.511664;0.020062;,
  -0.010976;0.456158;0.003389;,
  -0.082831;0.524956;0.074308;,
  -0.044645;0.530527;0.101822;,
  -0.090612;0.469515;0.073820;,
  -0.044982;0.477141;0.096355;,
  -0.036402;0.607507;0.063400;,
  -0.062406;0.649260;0.054436;,
  -0.069261;0.657218;0.035898;,
  -0.076056;0.688125;0.038009;,
  -0.065770;0.655840;-0.002863;,
  -0.066642;0.666265;-0.003295;,
  -0.042413;0.656882;-0.031878;,
  -0.043622;0.659876;-0.031391;,
  -0.019624;0.664267;-0.032975;,
  -0.015796;0.662417;-0.031953;,
  -0.134522;0.786540;0.013288;,
  -0.133837;0.746149;0.018814;,
  -0.177459;0.740284;0.021294;,
  -0.184897;0.790462;0.021099;,
  -0.233298;0.737159;0.028184;,
  -0.238979;0.781858;0.034851;,
  -0.124660;0.747919;0.069340;,
  -0.177459;0.740284;0.021294;,
  -0.133837;0.746149;0.018814;,
  -0.172550;0.746325;0.078909;,
  -0.224335;0.744942;0.080926;,
  -0.233298;0.737159;0.028184;,
  -0.100290;0.759058;0.071379;,
  -0.100637;0.743807;0.061290;,
  -0.127217;0.769702;0.071698;,
  -0.229857;0.782001;0.070979;,
  -0.179275;0.791391;0.069234;,
  -0.132770;0.797249;0.046705;,
  -0.264349;0.782827;0.029261;,
  -0.322879;0.730713;0.024883;,
  -0.322119;0.768175;0.023554;,
  -0.261788;0.727807;0.024504;,
  -0.363460;0.730384;0.021759;,
  -0.371033;0.757673;0.021326;,
  -0.261788;0.727807;0.024504;,
  -0.320526;0.739033;0.072084;,
  -0.322879;0.730713;0.024883;,
  -0.257891;0.737744;0.084839;,
  -0.368318;0.742148;0.062923;,
  -0.363460;0.730384;0.021759;,
  -0.319500;0.768545;0.070713;,
  -0.260263;0.783168;0.074096;,
  -0.371128;0.759200;0.060338;,
  -0.094341;0.805664;0.060609;,
  -0.097627;0.807461;0.037866;,
  -0.061536;0.800805;0.055972;,
  -0.064174;0.802372;0.038165;,
  -0.069676;0.692161;0.070068;,
  -0.031284;0.808875;0.041002;,
  -0.095164;0.794855;0.010454;,
  -0.063885;0.770109;0.002847;,
  -0.095287;0.769405;0.004150;,
  -0.066645;0.789342;0.016297;,
  -0.049694;0.733879;0.087175;,
  0.000000;0.775812;0.085206;,
  0.000000;0.719106;0.083378;,
  -0.073159;0.785321;0.079689;,
  -0.085416;0.746699;0.078611;,
  -0.081167;0.727842;0.025764;,
  -0.087270;0.735373;0.067715;,
  -0.092968;0.746602;0.011678;,
  -0.068529;0.746102;-0.002096;,
  -0.074575;0.685786;-0.001613;,
  -0.075167;0.693562;0.016001;,
  -0.075976;0.687787;0.055769;,
  -0.022976;0.360199;0.013428;,
  -0.050768;0.268241;0.021712;,
  -0.055457;0.198089;0.033957;,
  -0.070390;0.141459;0.043037;,
  -0.085638;0.054420;0.052157;,
  -0.064174;0.802372;0.038165;,
  -0.019966;0.797319;0.026926;,
  -0.000000;0.520209;0.099786;,
  0.000000;0.482457;0.096179;,
  0.000000;0.470207;0.089642;,
  0.000000;0.808807;0.067109;,
  0.000000;0.447254;0.023734;,
  -0.040890;0.618949;-0.027202;,
  -0.065081;0.619338;0.003176;,
  -0.062524;0.611507;0.039513;,
  0.000000;0.604501;0.065469;,
  -0.031284;0.808875;0.041002;,
  -0.064174;0.802372;0.038165;,
  -0.129993;0.787569;0.062803;,
  -0.082261;0.736219;0.079915;,
  -0.085416;0.746699;0.078611;,
  -0.087270;0.735373;0.067715;,
  -0.074468;0.718075;0.037716;,
  -0.081167;0.727842;0.025764;,
  -0.072906;0.716062;-0.002206;,
  -0.068529;0.746102;-0.002096;,
  -0.020599;0.673317;-0.042056;,
  -0.048457;0.669769;-0.042116;,
  -0.066488;0.671300;-0.021841;,
  -0.040208;0.745168;-0.017942;,
  -0.068529;0.746102;-0.002096;,
  -0.092968;0.746602;0.011678;,
  -0.009194;0.702101;-0.038247;,
  -0.009200;0.674721;-0.036077;,
  -0.074468;0.718075;0.037716;,
  0.085638;0.054420;0.052157;,
  0.116138;0.079739;0.082436;,
  0.089718;0.072831;0.082567;,
  0.119493;0.071128;0.054919;,
  0.101354;0.066573;0.027912;,
  -0.116138;0.079739;0.082436;,
  -0.085638;0.054420;0.052157;,
  -0.089718;0.072831;0.082567;,
  -0.119493;0.071128;0.054919;,
  -0.101354;0.066573;0.027912;,
  0.371033;0.757673;0.021326;,
  0.368318;0.742148;0.062923;,
  0.363460;0.730384;0.021759;,
  0.371128;0.759200;0.060338;,
  -0.371033;0.757673;0.021326;,
  -0.368318;0.742148;0.062923;,
  -0.371128;0.759200;0.060338;,
  -0.363460;0.730384;0.021759;,
  0.000000;0.808807;0.067109;,
  0.000000;0.772370;0.036430;,
  -0.026464;0.808780;0.061036;,
  -0.026464;0.808780;0.061036;,
  0.000000;0.772370;0.036430;,
  -0.031284;0.808875;0.041002;,
  -0.031284;0.808875;0.041002;,
  -0.019966;0.797319;0.026926;,
  -0.019966;0.797319;0.026926;,
  0.000000;0.738540;-0.022409;,
  0.019966;0.797319;0.026926;,
  0.000000;0.772370;0.036430;,
  0.026464;0.808780;0.061036;,
  0.000000;0.772370;0.036430;,
  0.000000;0.808807;0.067109;,
  0.031284;0.808875;0.041002;,
  0.026464;0.808780;0.061036;,
  0.019966;0.797319;0.026926;,
  0.031284;0.808875;0.041002;;
  540;
  3;0,1,2;,
  3;3,4,5;,
  3;4,3,6;,
  3;7,8,9;,
  3;8,7,10;,
  3;11,12,13;,
  3;12,11,14;,
  3;15,11,16;,
  3;11,15,14;,
  3;17,18,19;,
  3;18,17,15;,
  3;5,20,21;,
  3;20,5,4;,
  3;13,22,23;,
  3;22,13,12;,
  3;24,25,26;,
  3;25,24,27;,
  3;28,29,30;,
  3;29,28,31;,
  3;29,32,30;,
  3;32,29,33;,
  3;34,35,36;,
  3;35,34,37;,
  3;37,38,35;,
  3;38,37,39;,
  3;35,40,36;,
  3;40,35,41;,
  3;35,42,41;,
  3;42,35,38;,
  3;40,29,31;,
  3;29,40,41;,
  3;41,33,29;,
  3;33,41,42;,
  3;43,44,45;,
  3;44,43,46;,
  3;45,47,48;,
  3;47,45,44;,
  3;49,50,51;,
  3;50,49,52;,
  3;52,53,50;,
  3;53,52,54;,
  3;51,55,56;,
  3;55,51,50;,
  3;50,57,55;,
  3;57,50,53;,
  3;56,44,46;,
  3;44,56,55;,
  3;55,47,44;,
  3;47,55,57;,
  3;31,18,58;,
  3;18,31,28;,
  3;19,59,60;,
  3;13,61,11;,
  3;61,13,62;,
  3;62,63,61;,
  3;63,62,64;,
  3;64,36,63;,
  3;43,33,46;,
  3;33,43,32;,
  3;46,42,56;,
  3;42,46,33;,
  3;42,51,56;,
  3;51,42,38;,
  3;38,49,51;,
  3;49,38,39;,
  3;11,58,16;,
  3;58,11,61;,
  3;61,31,58;,
  3;31,61,63;,
  3;63,40,31;,
  3;65,66,24;,
  3;67,68,69;,
  3;70,71,72;,
  3;71,70,68;,
  3;71,73,72;,
  3;73,71,74;,
  3;75,76,77;,
  3;78,79,76;,
  3;79,78,80;,
  3;81,82,83;,
  3;82,81,84;,
  3;82,85,83;,
  3;85,82,86;,
  3;87,81,88;,
  3;81,87,89;,
  3;83,90,91;,
  3;90,83,85;,
  3;92,91,78;,
  3;91,80,78;,
  3;80,91,90;,
  3;93,94,95;,
  3;94,93,96;,
  3;96,97,94;,
  3;97,96,98;,
  3;99,100,101;,
  3;100,99,102;,
  3;102,103,100;,
  3;103,102,104;,
  3;101,105,106;,
  3;105,101,100;,
  3;100,107,105;,
  3;107,100,103;,
  3;106,96,93;,
  3;96,106,105;,
  3;105,98,96;,
  3;98,105,107;,
  3;90,93,80;,
  3;93,90,106;,
  3;80,95,79;,
  3;95,80,93;,
  3;85,99,101;,
  3;99,85,86;,
  3;101,90,85;,
  3;90,101,106;,
  3;108,92,109;,
  3;109,110,108;,
  3;110,109,111;,
  3;66,27,24;,
  3;27,66,112;,
  3;9,113,7;,
  3;114,115,116;,
  3;115,114,117;,
  3;75,117,114;,
  3;8,10,118;,
  3;118,119,120;,
  3;119,118,10;,
  3;108,110,121;,
  3;87,121,122;,
  3;89,123,124;,
  3;123,89,125;,
  3;126,124,123;,
  3;127,128,70;,
  3;69,129,67;,
  3;19,28,59;,
  3;18,28,19;,
  3;28,30,130;,
  3;30,131,130;,
  3;131,30,32;,
  3;32,132,131;,
  3;132,32,43;,
  3;132,45,133;,
  3;45,132,43;,
  3;133,48,134;,
  3;48,133,45;,
  3;15,16,18;,
  3;16,58,18;,
  3;59,135,60;,
  3;113,9,136;,
  3;1,137,138;,
  3;19,139,17;,
  3;139,19,140;,
  3;23,62,13;,
  3;62,23,141;,
  3;62,142,64;,
  3;142,62,141;,
  3;142,36,64;,
  3;36,142,143;,
  3;144,119,10;,
  3;143,145,36;,
  3;36,145,34;,
  3;146,17,139;,
  3;17,146,147;,
  3;147,15,17;,
  3;15,147,148;,
  3;148,14,15;,
  3;14,148,149;,
  3;14,65,12;,
  3;65,14,149;,
  3;12,150,22;,
  3;150,12,65;,
  3;151,152,138;,
  3;138,152,2;,
  3;116,109,114;,
  3;109,116,111;,
  3;109,75,114;,
  3;75,109,92;,
  3;92,78,75;,
  3;91,92,153;,
  3;28,130,59;,
  3;149,67,66;,
  3;154,155,156;,
  3;129,66,67;,
  3;66,129,112;,
  3;66,65,149;,
  3;144,10,7;,
  3;118,112,154;,
  3;112,118,27;,
  3;112,155,154;,
  3;155,112,129;,
  3;155,69,157;,
  3;69,155,129;,
  3;157,128,158;,
  3;128,157,69;,
  3;159,158,128;,
  3;158,159,160;,
  3;161,4,162;,
  3;4,161,20;,
  3;162,6,163;,
  3;6,162,4;,
  3;164,0,160;,
  3;0,164,1;,
  3;165,117,166;,
  3;117,165,115;,
  3;117,75,166;,
  3;87,125,89;,
  3;125,87,122;,
  3;137,1,164;,
  3;72,163,70;,
  3;163,72,162;,
  3;127,6,159;,
  3;159,3,160;,
  3;160,5,164;,
  3;5,160,3;,
  3;164,21,137;,
  3;167,21,20;,
  3;168,20,161;,
  3;20,168,167;,
  3;72,161,162;,
  3;6,127,163;,
  3;128,127,159;,
  3;163,127,70;,
  3;19,60,140;,
  3;26,65,24;,
  3;65,26,150;,
  3;120,27,118;,
  3;27,120,25;,
  3;63,36,40;,
  3;121,87,108;,
  3;76,75,78;,
  3;108,87,153;,
  3;92,108,153;,
  3;161,72,73;,
  3;167,169,170;,
  3;169,167,168;,
  3;21,167,170;,
  3;161,73,168;,
  3;21,170,137;,
  3;21,164,5;,
  3;3,159,6;,
  3;123,125,171;,
  3;75,77,166;,
  3;84,89,124;,
  3;89,84,81;,
  3;83,88,81;,
  3;87,88,153;,
  3;88,91,153;,
  3;91,88,83;,
  3;156,118,154;,
  3;118,156,8;,
  3;2,1,138;,
  3;74,71,147;,
  3;147,68,148;,
  3;68,147,71;,
  3;67,148,68;,
  3;148,67,149;,
  3;146,74,147;,
  3;74,146,169;,
  3;168,74,169;,
  3;74,168,73;,
  3;128,68,70;,
  3;68,128,69;,
  3;172,173,174;,
  3;175,176,177;,
  3;176,175,178;,
  3;179,180,181;,
  3;180,179,182;,
  3;183,184,185;,
  3;184,183,186;,
  3;187,183,185;,
  3;183,187,188;,
  3;189,190,187;,
  3;190,189,191;,
  3;178,192,176;,
  3;192,178,193;,
  3;186,194,184;,
  3;194,186,195;,
  3;196,197,198;,
  3;197,196,199;,
  3;200,201,202;,
  3;201,200,203;,
  3;201,204,205;,
  3;204,201,203;,
  3;206,207,208;,
  3;207,206,209;,
  3;208,210,211;,
  3;210,208,207;,
  3;207,212,213;,
  3;212,207,209;,
  3;207,214,210;,
  3;214,207,213;,
  3;212,201,213;,
  3;201,212,202;,
  3;213,205,214;,
  3;205,213,201;,
  3;215,216,217;,
  3;216,215,218;,
  3;218,219,216;,
  3;219,218,220;,
  3;221,222,223;,
  3;222,221,224;,
  3;223,225,226;,
  3;225,223,222;,
  3;224,227,222;,
  3;227,224,228;,
  3;222,229,225;,
  3;229,222,227;,
  3;228,216,227;,
  3;216,228,217;,
  3;227,219,229;,
  3;219,227,216;,
  3;202,190,200;,
  3;190,202,230;,
  3;191,60,231;,
  3;186,232,233;,
  3;232,186,183;,
  3;233,234,235;,
  3;234,233,232;,
  3;235,234,209;,
  3;215,205,204;,
  3;205,215,217;,
  3;217,214,205;,
  3;214,217,228;,
  3;214,224,210;,
  3;224,214,228;,
  3;210,221,211;,
  3;221,210,224;,
  3;183,230,232;,
  3;230,183,188;,
  3;232,202,234;,
  3;202,232,230;,
  3;234,202,212;,
  3;236,196,237;,
  3;238,239,240;,
  3;241,242,240;,
  3;242,241,243;,
  3;242,244,245;,
  3;244,242,243;,
  3;246,247,248;,
  3;249,250,251;,
  3;250,249,248;,
  3;252,253,254;,
  3;253,252,255;,
  3;253,256,257;,
  3;256,253,255;,
  3;258,252,259;,
  3;252,258,260;,
  3;255,261,256;,
  3;261,255,262;,
  3;263,249,262;,
  3;262,251,261;,
  3;251,262,249;,
  3;264,265,266;,
  3;265,264,267;,
  3;266,268,269;,
  3;268,266,265;,
  3;270,271,272;,
  3;271,270,273;,
  3;272,274,275;,
  3;274,272,271;,
  3;273,276,271;,
  3;276,273,277;,
  3;271,278,274;,
  3;278,271,276;,
  3;277,266,276;,
  3;266,277,264;,
  3;276,269,278;,
  3;269,276,266;,
  3;261,264,277;,
  3;264,261,251;,
  3;251,267,264;,
  3;267,251,250;,
  3;256,270,257;,
  3;270,256,273;,
  3;273,261,277;,
  3;261,273,256;,
  3;279,280,263;,
  3;280,281,282;,
  3;281,280,279;,
  3;237,198,283;,
  3;198,237,196;,
  3;182,179,284;,
  3;285,286,287;,
  3;286,285,288;,
  3;246,285,287;,
  3;180,289,181;,
  3;289,290,181;,
  3;290,289,291;,
  3;279,292,281;,
  3;258,293,292;,
  3;259,294,295;,
  3;294,259,296;,
  3;297,294,296;,
  3;298,241,299;,
  3;239,238,300;,
  3;191,231,200;,
  3;190,191,200;,
  3;200,301,203;,
  3;203,302,204;,
  3;302,203,301;,
  3;204,303,215;,
  3;303,204,302;,
  3;303,218,215;,
  3;218,303,304;,
  3;304,220,218;,
  3;220,304,305;,
  3;187,190,188;,
  3;188,190,230;,
  3;231,60,135;,
  3;284,306,182;,
  3;174,307,137;,
  3;191,139,140;,
  3;139,191,189;,
  3;195,233,308;,
  3;233,195,186;,
  3;233,309,308;,
  3;309,233,235;,
  3;309,209,310;,
  3;209,309,235;,
  3;311,181,290;,
  3;310,209,312;,
  3;209,206,312;,
  3;146,189,313;,
  3;189,146,139;,
  3;313,187,314;,
  3;187,313,189;,
  3;314,185,315;,
  3;185,314,187;,
  3;185,236,315;,
  3;236,185,184;,
  3;184,316,236;,
  3;316,184,194;,
  3;317,307,318;,
  3;307,173,318;,
  3;288,280,282;,
  3;280,288,285;,
  3;246,280,285;,
  3;280,246,263;,
  3;263,246,249;,
  3;262,319,263;,
  3;200,231,301;,
  3;315,237,238;,
  3;320,321,322;,
  3;300,237,283;,
  3;237,300,238;,
  3;237,315,236;,
  3;311,179,181;,
  3;289,283,198;,
  3;283,289,320;,
  3;283,322,300;,
  3;322,283,320;,
  3;322,239,300;,
  3;239,322,323;,
  3;323,299,239;,
  3;299,323,324;,
  3;325,324,326;,
  3;324,325,299;,
  3;327,176,192;,
  3;176,327,328;,
  3;328,177,176;,
  3;177,328,329;,
  3;330,172,174;,
  3;172,330,326;,
  3;331,287,286;,
  3;287,331,332;,
  3;287,332,246;,
  3;258,295,293;,
  3;295,258,259;,
  3;137,330,174;,
  3;243,329,328;,
  3;329,243,241;,
  3;298,325,177;,
  3;325,326,175;,
  3;326,178,175;,
  3;178,326,330;,
  3;330,137,193;,
  3;333,192,193;,
  3;334,192,333;,
  3;192,334,327;,
  3;243,328,327;,
  3;177,329,298;,
  3;299,325,298;,
  3;329,241,298;,
  3;191,140,60;,
  3;199,236,316;,
  3;236,199,196;,
  3;291,198,197;,
  3;198,291,289;,
  3;234,212,209;,
  3;292,279,258;,
  3;248,249,246;,
  3;279,319,258;,
  3;263,319,279;,
  3;327,244,243;,
  3;333,169,334;,
  3;169,333,170;,
  3;193,170,333;,
  3;327,334,244;,
  3;193,137,170;,
  3;193,178,330;,
  3;175,177,325;,
  3;294,335,295;,
  3;246,332,247;,
  3;254,259,252;,
  3;259,254,296;,
  3;255,252,260;,
  3;258,319,260;,
  3;260,262,255;,
  3;262,260,319;,
  3;321,289,180;,
  3;289,321,320;,
  3;173,307,174;,
  3;245,313,242;,
  3;313,240,242;,
  3;240,313,314;,
  3;238,314,315;,
  3;314,238,240;,
  3;146,313,245;,
  3;245,169,146;,
  3;334,245,244;,
  3;245,334,169;,
  3;299,240,239;,
  3;240,299,241;,
  3;336,337,338;,
  3;336,339,337;,
  3;336,340,339;,
  3;341,342,343;,
  3;344,342,341;,
  3;345,342,344;,
  3;346,347,348;,
  3;347,346,349;,
  3;350,351,352;,
  3;351,350,353;,
  3;354,355,356;,
  3;357,358,359;,
  3;360,355,361;,
  3;362,358,363;,
  3;364,363,365;,
  3;366,367,368;,
  3;369,365,370;,
  3;371,367,372;;

  MeshNormals {
   373;
   0.044951;0.445102;-0.894351;,
   -0.031006;0.637497;-0.769829;,
   -0.132839;0.738049;-0.661542;,
   0.701024;0.348361;-0.622262;,
   0.296726;0.244108;-0.923236;,
   0.197881;0.538016;-0.819379;,
   0.828797;0.089992;-0.552266;,
   0.185658;0.829647;0.526515;,
   0.213706;0.434724;0.874840;,
   0.069145;0.953150;0.294490;,
   0.060796;0.332149;0.941266;,
   0.839867;0.369016;0.398059;,
   0.254161;0.485566;0.836437;,
   0.229036;0.485788;0.843536;,
   0.818766;0.402173;0.409730;,
   0.909877;0.249337;-0.331594;,
   0.934295;0.207675;-0.289764;,
   0.441382;0.027711;-0.896891;,
   0.608388;0.037299;-0.792763;,
   0.147221;-0.113393;-0.982582;,
   -0.236919;0.228435;-0.944292;,
   -0.067574;0.467623;-0.881341;,
   -0.000000;0.346436;0.938074;,
   0.000000;0.441969;0.897030;,
   0.254066;-0.118186;0.959939;,
   0.000000;-0.186358;0.982482;,
   -0.000000;-0.038644;0.999253;,
   0.110944;-0.293014;0.949650;,
   0.155622;-0.063213;-0.985792;,
   0.953566;-0.005596;-0.301132;,
   0.107547;-0.096247;-0.989530;,
   0.959874;0.100743;-0.261712;,
   0.131522;-0.203755;-0.970147;,
   0.963378;0.009764;-0.267968;,
   -0.148922;-0.773537;-0.616006;,
   -0.539252;-0.167859;0.825246;,
   -0.366694;-0.498243;0.785677;,
   -0.903277;-0.223439;-0.366286;,
   -0.644539;0.031914;0.763905;,
   -0.924675;-0.193509;-0.327919;,
   0.640575;0.104999;0.760683;,
   0.675990;-0.042453;0.735687;,
   0.635736;0.185979;0.749168;,
   0.232189;-0.205914;-0.950625;,
   0.918734;-0.040523;-0.392791;,
   0.086709;-0.144245;-0.985736;,
   0.909104;0.021732;-0.416002;,
   0.952910;-0.019739;-0.302609;,
   -0.099866;-0.150105;-0.983613;,
   -0.906339;-0.176618;-0.383869;,
   -0.608621;-0.141205;0.780795;,
   -0.611549;0.146387;0.777546;,
   -0.919170;-0.224045;-0.323929;,
   -0.721348;-0.160314;0.673763;,
   -0.957571;-0.190413;-0.216333;,
   0.714686;-0.017512;0.699226;,
   0.685044;0.274904;0.674642;,
   0.676499;-0.089220;0.731019;,
   0.969959;0.176928;-0.166963;,
   -0.148922;-0.773537;-0.616006;,
   -0.000000;-0.696785;-0.717280;,
   0.803766;0.209174;0.556962;,
   0.225596;0.193012;0.954910;,
   0.732746;0.082358;0.675500;,
   0.201222;-0.311735;0.928618;,
   0.346502;0.200889;0.916286;,
   0.736706;-0.236464;0.633522;,
   0.978438;-0.194392;0.069788;,
   0.910704;-0.107213;-0.398902;,
   0.988301;-0.135294;-0.070407;,
   0.911189;-0.282955;-0.299452;,
   0.393925;-0.079184;-0.915725;,
   0.435418;-0.488479;-0.756174;,
   -0.128999;-0.492838;-0.860505;,
   0.024455;-0.185683;-0.982305;,
   0.178140;0.497247;-0.849124;,
   0.028539;-0.754621;-0.655540;,
   0.034960;-0.754188;-0.655727;,
   0.189040;0.691632;-0.697071;,
   -0.114686;-0.695150;-0.709657;,
   0.058138;0.779353;-0.623883;,
   -0.060721;-0.723941;0.687185;,
   0.028539;-0.754621;-0.655540;,
   -0.067534;-0.581927;0.810432;,
   0.034960;-0.754188;-0.655727;,
   -0.138811;-0.521783;0.841709;,
   -0.114686;-0.695150;-0.709657;,
   0.252022;-0.089915;0.963535;,
   -0.132046;0.230692;0.964025;,
   0.372193;-0.843148;0.388039;,
   0.018404;0.771178;0.636354;,
   0.055036;0.775794;0.628581;,
   0.168263;0.980178;0.104593;,
   0.001589;0.747224;-0.664571;,
   -0.010041;-0.781993;-0.623207;,
   -0.126012;-0.736995;-0.664048;,
   0.095668;0.676670;-0.730045;,
   -0.040853;-0.749231;-0.661048;,
   0.101156;0.691806;-0.714963;,
   -0.126012;-0.736995;-0.664048;,
   0.178872;-0.622076;0.762251;,
   -0.047774;-0.563270;0.824891;,
   -0.010041;-0.781993;-0.623207;,
   0.164670;-0.530582;0.831484;,
   -0.040853;-0.749231;-0.661048;,
   0.267098;0.689894;0.672833;,
   0.061506;0.787296;0.613500;,
   0.242314;0.769361;0.591074;,
   0.106407;0.832321;0.543985;,
   0.058977;0.982023;-0.179313;,
   0.069145;0.953150;0.294490;,
   -0.017689;0.966916;-0.254480;,
   0.531603;-0.348968;0.771764;,
   0.167525;0.928665;-0.330934;,
   -0.003722;0.678496;-0.734594;,
   0.044951;0.445102;-0.894351;,
   -0.132839;0.738049;-0.661542;,
   0.225918;-0.021220;-0.973915;,
   0.100838;-0.124381;0.987097;,
   -0.000000;0.239800;0.970822;,
   -0.000000;-0.196414;0.980521;,
   0.213706;0.434724;0.874840;,
   0.512483;-0.128375;0.849047;,
   0.880065;-0.447934;-0.157607;,
   0.417975;-0.633786;-0.650855;,
   0.826559;-0.473289;0.304626;,
   0.567395;0.088540;-0.818672;,
   0.980657;-0.186439;-0.059606;,
   0.992725;-0.109224;-0.050661;,
   0.929457;-0.281900;0.237996;,
   -0.903277;-0.223439;-0.366286;,
   -0.924675;-0.193509;-0.327919;,
   -0.906339;-0.176618;-0.383869;,
   -0.919170;-0.224045;-0.323929;,
   -0.957571;-0.190413;-0.216333;,
   0.000000;-0.993222;-0.116236;,
   -0.017689;0.966916;-0.254480;,
   0.000000;0.494531;-0.869160;,
   0.000852;0.715122;-0.698999;,
   0.000000;-0.051816;-0.998657;,
   0.000000;-0.156829;-0.987626;,
   0.000000;0.160699;0.987003;,
   0.000000;-0.264383;0.964418;,
   0.000000;-0.658539;0.752547;,
   0.000000;0.582235;0.813021;,
   0.000000;-0.993222;-0.116236;,
   -0.000000;-0.027444;-0.999623;,
   0.448727;-0.008716;-0.893626;,
   0.947005;0.092994;-0.307465;,
   0.894504;0.127903;0.428373;,
   -0.000000;0.081367;0.996684;,
