xof 0303txt 0032
template ColorRGBA {
 <35ff44e0-6c7c-11cf-8f52-0040333594a3>
 FLOAT red;
 FLOAT green;
 FLOAT blue;
 FLOAT alpha;
}

template ColorRGB {
 <d3e16e81-7835-11cf-8f52-0040333594a3>
 FLOAT red;
 FLOAT green;
 FLOAT blue;
}

template Material {
 <3d82ab4d-62da-11cf-ab39-0020af71e433>
 ColorRGBA faceColor;
 FLOAT power;
 ColorRGB specularColor;
 ColorRGB emissiveColor;
 [...]
}

template TextureFilename {
 <a42790e1-7810-11cf-8f52-0040333594a3>
 STRING filename;
}

template Frame {
 <3d82ab46-62da-11cf-ab39-0020af71e433>
 [...]
}

template Matrix4x4 {
 <f6f23f45-7686-11cf-8f52-0040333594a3>
 array FLOAT matrix[16];
}

template FrameTransformMatrix {
 <f6f23f41-7686-11cf-8f52-0040333594a3>
 Matrix4x4 frameMatrix;
}

template Vector {
 <3d82ab5e-62da-11cf-ab39-0020af71e433>
 FLOAT x;
 FLOAT y;
 FLOAT z;
}

template MeshFace {
 <3d82ab5f-62da-11cf-ab39-0020af71e433>
 DWORD nFaceVertexIndices;
 array DWORD faceVertexIndices[nFaceVertexIndices];
}

template Mesh {
 <3d82ab44-62da-11cf-ab39-0020af71e433>
 DWORD nVertices;
 array Vector vertices[nVertices];
 DWORD nFaces;
 array MeshFace faces[nFaces];
 [...]
}

template MeshNormals {
 <f6f23f43-7686-11cf-8f52-0040333594a3>
 DWORD nNormals;
 array Vector normals[nNormals];
 DWORD nFaceNormals;
 array MeshFace faceNormals[nFaceNormals];
}

template MeshMaterialList {
 <f6f23f42-7686-11cf-8f52-0040333594a3>
 DWORD nMaterials;
 DWORD nFaceIndexes;
 array DWORD faceIndexes[nFaceIndexes];
 [Material <3d82ab4d-62da-11cf-ab39-0020af71e433>]
}

template Coords2d {
 <f6f23f44-7686-11cf-8f52-0040333594a3>
 FLOAT u;
 FLOAT v;
}

template MeshTextureCoords {
 <f6f23f40-7686-11cf-8f52-0040333594a3>
 DWORD nTextureCoords;
 array Coords2d textureCoords[nTextureCoords];
}

template XSkinMeshHeader {
 <3cf169ce-ff7c-44ab-93c0-f78f62d172e2>
 WORD nMaxSkinWeightsPerVertex;
 WORD nMaxSkinWeightsPerFace;
 WORD nBones;
}

template SkinWeights {
 <6f0d123b-bad2-4167-a0d0-80224f25fabb>
 STRING transformNodeName;
 DWORD nWeights;
 array DWORD vertexIndices[nWeights];
 array FLOAT weights[nWeights];
 Matrix4x4 matrixOffset;
}

template AnimTicksPerSecond {
 <9e415a43-7ba6-4a73-8743-b73d47e88476>
 DWORD AnimTicksPerSecond;
}

template Animation {
 <3d82ab4f-62da-11cf-ab39-0020af71e433>
 [...]
}

template AnimationSet {
 <3d82ab50-62da-11cf-ab39-0020af71e433>
 [Animation <3d82ab4f-62da-11cf-ab39-0020af71e433>]
}

template FloatKeys {
 <10dd46a9-775b-11cf-8f52-0040333594a3>
 DWORD nValues;
 array FLOAT values[nValues];
}

template TimedFloatKeys {
 <f406b180-7b3b-11cf-8f52-0040333594a3>
 DWORD time;
 FloatKeys tfkeys;
}

template AnimationKey {
 <10dd46a8-775b-11cf-8f52-0040333594a3>
 DWORD keyType;
 DWORD nKeys;
 array TimedFloatKeys keys[nKeys];
}


Material _18_-_Defaultaa {
 1.000000;1.000000;1.000000;1.000000;;
 9.999999;
 0.000000;0.000000;0.000000;;
 0.000000;0.000000;0.000000;;

 TextureFilename {
  "Boilersuit_Prisoner.png";
 }
}

Frame Dummy01 {
 

 FrameTransformMatrix {
  1.000000,0.000000,0.000000,0.000000,0.000000,-0.000000,-1.000000,0.000000,0.000000,1.000000,-0.000000,0.000000,0.000000,0.000000,0.000000,1.000000;;
 }

 Frame Bip01 {
  

  FrameTransformMatrix {
   -0.087155,0.982405,-0.165183,0.000000,-0.000001,0.165814,0.986157,0.000000,0.996195,0.085949,-0.014450,0.000000,-0.010000,-0.012284,0.490453,1.000000;;
  }

  Frame Bip01_Pelvis {
   

   FrameTransformMatrix {
    0.000000,1.000000,-0.000001,0.000000,-0.000001,0.000001,1.000000,0.000000,1.000000,0.000000,0.000001,0.000000,0.000000,0.000000,0.000000,1.000000;;
   }

   Frame Bip01_Spine {
    

    FrameTransformMatrix {
     0.984686,0.000002,-0.174337,0.000000,-0.000001,1.000000,0.000004,0.000000,0.174337,-0.000004,0.984686,0.000000,0.051619,0.000000,-0.000083,1.000000;;
    }

    Frame Bip01_Spine1 {
     

     FrameTransformMatrix {
      0.997819,0.052687,0.039774,0.000000,-0.044862,0.983198,-0.176942,0.000000,-0.048428,0.174771,0.983417,0.000000,0.106484,-0.000015,-0.000083,1.000000;;
     }

     Frame Bip01_Neck {
      

      FrameTransformMatrix {
       0.966067,-0.020835,0.257451,0.000000,0.025191,0.999590,-0.013632,0.000000,-0.257061,0.019655,0.966195,0.000000,0.130511,-0.000001,0.004626,1.000000;;
      }

      Frame Bip01_Head {
       

       FrameTransformMatrix {
        0.989321,-0.051753,-0.136255,0.000000,0.064251,0.993958,0.088989,0.000000,0.130826,-0.096793,0.986669,0.000000,0.033674,-0.000000,-0.000000,1.000000;;
       }

       Frame Bip01_HeadNub {
        

        FrameTransformMatrix {
         1.000000,-0.000000,-0.000000,0.000000,-0.000000,1.000000,0.000000,0.000000,0.000000,-0.000000,1.000000,0.000000,0.169824,0.000000,0.000000,1.000000;;
        }
       }
      }

      Frame Bip01_L_Clavicle {
       

       FrameTransformMatrix {
        -0.205975,0.976135,0.068811,0.000000,0.943873,0.216738,-0.249254,0.000000,-0.258220,0.013609,-0.965990,0.000000,-0.024734,0.015166,0.002017,1.000000;;
       }

       Frame Bip01_L_UpperArm {
        

        FrameTransformMatrix {
         0.385871,-0.777669,0.496320,0.000000,0.922466,0.332598,-0.196046,0.000000,-0.012616,0.533487,0.845714,0.000000,0.087086,-0.000000,-0.000000,1.000000;;
        }

        Frame Bip01_L_Forearm {
         

         FrameTransformMatrix {
          0.943939,0.000000,-0.330119,0.000000,0.000000,1.000000,-0.000000,0.000000,0.330119,-0.000000,0.943939,0.000000,0.137062,0.000000,0.000000,1.000000;;
         }

         Frame Bip01_L_Hand {
          

          FrameTransformMatrix {
           1.000000,-0.000000,0.000000,0.000000,0.000000,0.000796,1.000000,0.000000,0.000000,-1.000000,0.000796,0.000000,0.137062,0.000000,0.000000,1.000000;;
          }

          Frame Bip01_L_Finger0 {
           

           FrameTransformMatrix {
            0.690342,-0.181727,0.700288,0.000000,0.558537,0.749101,-0.356210,0.000000,-0.459853,0.637043,0.618637,0.000000,0.057681,-0.023605,-0.000272,1.000000;;
           }

           Frame Bip01_L_Finger0Nub {
            

            FrameTransformMatrix {
             1.000000,0.000000,0.000000,0.000000,0.000000,1.000000,0.000000,0.000000,-0.000000,0.000000,1.000000,0.000000,0.029435,-0.000000,-0.000000,1.000000;;
            }
           }
          }

          Frame Bip01_L_Finger1 {
           

           FrameTransformMatrix {
            0.728079,-0.000546,0.685493,0.000000,0.000000,1.000000,0.000796,0.000000,-0.685493,-0.000580,0.728079,0.000000,0.084102,0.000000,0.000000,1.000000;;
           }

           Frame Bip01_L_Finger1Nub {
            

            FrameTransformMatrix {
             1.000000,0.000000,0.000000,0.000000,-0.000000,1.000000,-0.000000,0.000000,-0.000000,0.000000,1.000000,0.000000,0.047988,0.000000,-0.000000,1.000000;;
            }
           }
          }
         }
        }
       }
      }

      Frame Bip01_R_Clavicle {
       

       FrameTransformMatrix {
        -0.028509,-0.999573,-0.006461,0.000000,-0.965665,0.025871,0.258498,0.000000,-0.258220,0.013609,-0.965990,0.000000,-0.024080,-0.016250,0.001399,1.000000;;
       }

       Frame Bip01_R_UpperArm {
        

        FrameTransformMatrix {
         0.221390,0.975047,0.016433,0.000000,-0.974986,0.221654,-0.016512,0.000000,-0.019742,-0.012366,0.999729,0.000000,0.087086,0.000000,0.000000,1.000000;;
        }

        Frame Bip01_R_Forearm {
         

         FrameTransformMatrix {
          0.915660,-0.000000,-0.401954,0.000000,-0.000000,1.000000,-0.000000,0.000000,0.401954,-0.000000,0.915660,0.000000,0.137062,0.000000,0.000000,1.000000;;
         }

         Frame Bip01_R_Hand {
          

          FrameTransformMatrix {
           0.975195,-0.000000,-0.221346,0.000000,-0.221346,0.000796,-0.975195,0.000000,0.000176,1.000000,0.000777,0.000000,0.137062,-0.000000,0.000000,1.000000;;
          }

          Frame Bip01_R_Finger0 {
           

           FrameTransformMatrix {
            0.417774,-0.116941,0.900994,0.000000,-0.558537,0.749101,0.356210,0.000000,-0.716591,-0.652054,0.247639,0.000000,0.057681,0.023605,-0.000272,1.000000;;
           }

           Frame Bip01_R_Finger0Nub {
            

            FrameTransformMatrix {
             -1.000000,-0.000000,0.000000,0.000000,-0.000000,1.000000,0.000000,0.000000,-0.000000,0.000000,-1.000000,0.000000,0.029435,-0.000000,0.000000,1.000000;;
            }
           }
          }

          Frame Bip01_R_Finger1 {
           

           FrameTransformMatrix {
            0.352436,0.000745,0.935835,0.000000,0.000000,1.000000,-0.000796,0.000000,-0.935836,0.000281,0.352436,0.000000,0.084102,0.000000,0.000000,1.000000;;
           }

           Frame Bip01_R_Finger1Nub {
            

            FrameTransformMatrix {
             -1.000000,0.000000,0.000000,0.000000,0.000000,1.000000,-0.000000,0.000000,0.000000,-0.000000,-1.000000,0.000000,0.047988,0.000000,0.000000,1.000000;;
            }
           }
          }
         }
        }
       }
      }
     }

     Frame Bip01_BackPack {
      

      FrameTransformMatrix {
       0.180560,0.080500,-0.980264,0.000000,0.047560,0.994764,0.090451,0.000000,0.982413,-0.062954,0.175786,0.000000,0.063697,0.000003,-0.088856,1.000000;;
      }

      Frame Bip01_BackPackNub {
       

       FrameTransformMatrix {
        0.000796,0.000003,1.000000,0.000000,0.000000,-1.000000,0.000003,0.000000,1.000000,-0.000000,-0.000796,0.000000,0.053240,0.000000,0.000000,1.000000;;
       }
      }
     }
    }

    Frame Bip01_L_Thigh {
     

     FrameTransformMatrix {
      -0.888504,0.030427,0.457858,0.000000,-0.032107,-0.999476,0.004114,0.000000,0.457744,-0.011045,0.889016,0.000000,-0.050843,0.055225,-0.008917,1.000000;;
     }

     Frame Bip01_L_Calf {
      

      FrameTransformMatrix {
       0.942235,-0.000000,-0.334952,0.000000,-0.000000,1.000000,-0.000000,0.000000,0.334952,-0.000000,0.942235,0.000000,0.237500,0.000000,-0.000000,1.000000;;
      }

      Frame Bip01_L_Foot {
       

       FrameTransformMatrix {
        0.924325,-0.026487,0.380687,0.000000,-0.068962,0.969570,0.234901,0.000000,-0.375325,-0.243378,0.894371,0.000000,0.206841,0.000000,0.000000,1.000000;;
       }

       Frame Bip01_L_Toe0 {
        

        FrameTransformMatrix {
         0.000000,0.000000,1.000000,0.000000,0.000000,1.000000,-0.000000,0.000000,-1.000000,0.000000,0.000000,0.000000,0.065373,0.000000,0.066450,1.000000;;
        }

        Frame Bip01_L_Toe0Nub {
         

         FrameTransformMatrix {
          -1.000000,0.000000,0.000000,0.000000,0.000000,1.000000,0.000000,0.000000,0.000000,0.000000,-1.000000,0.000000,0.006735,-0.000000,-0.000000,1.000000;;
         }
        }
       }
      }
     }
    }

    Frame Bip01_R_Thigh {
     

     FrameTransformMatrix {
      -0.996965,0.030321,-0.071704,0.000000,-0.029454,-0.999480,-0.013113,0.000000,-0.072065,-0.010961,0.997340,0.000000,-0.050843,-0.055225,-0.008917,1.000000;;
     }

     Frame Bip01_R_Calf {
      

      FrameTransformMatrix {
       0.730239,0.000000,-0.683192,0.000000,0.000000,1.000000,0.000000,0.000000,0.683192,0.000000,0.730239,0.000000,0.237500,0.000000,0.000000,1.000000;;
      }

      Frame Bip01_R_Foot {
       

       FrameTransformMatrix {
        0.991957,0.087165,-0.091782,0.000000,-0.093276,0.993546,-0.064539,0.000000,0.085565,0.072581,0.993685,0.000000,0.206841,0.000000,0.000000,1.000000;;
       }

       Frame Bip01_R_Toe0 {
        

        FrameTransformMatrix {
         0.000000,0.000000,1.000000,0.000000,0.000000,1.000000,-0.000000,0.000000,-1.000000,0.000000,0.000000,0.000000,0.065373,0.000000,0.066450,1.000000;;
        }

        Frame Bip01_R_Toe0Nub {
         

         FrameTransformMatrix {
          1.000000,0.000000,0.000000,0.000000,0.000000,1.000000,-0.000000,0.000000,-0.000000,-0.000000,1.000000,0.000000,0.006735,-0.000000,-0.000000,1.000000;;
         }
        }
       }
      }
     }
    }
   }

   Frame Bip01_DressFront {
    

    FrameTransformMatrix {
     -0.880185,-0.088339,0.466338,0.000000,0.121847,0.907542,0.401896,0.000000,-0.458725,0.410564,-0.788041,0.000000,-0.043935,0.001339,0.061057,1.000000;;
    }

    Frame Bip01_DressFront02 {
     

     FrameTransformMatrix {
      0.912593,0.000001,0.408870,0.000000,-0.000001,1.000000,-0.000000,0.000000,-0.408870,-0.000000,0.912593,0.000000,0.183378,-0.000000,-0.000120,1.000000;;
     }

     Frame Bip01_DressFrontNub {
      

      FrameTransformMatrix {
       0.000796,0.000003,1.000000,0.000000,0.000000,-1.000000,0.000003,0.000000,1.000000,0.000000,-0.000796,0.000000,0.165302,0.000000,0.000000,1.000000;;
      }
     }
    }
   }

   Frame Bip01_DressBack {
    

    FrameTransformMatrix {
     -0.886023,0.038029,0.462080,0.000000,0.191625,0.937561,0.290274,0.000000,-0.422190,0.345735,-0.837988,0.000000,-0.047673,-0.000048,-0.078302,1.000000;;
    }

    Frame Bip01_DressBack02 {
     

     FrameTransformMatrix {
      0.936852,0.174932,-0.302833,0.000000,-0.166408,0.984581,0.053939,0.000000,0.307600,-0.000139,0.951516,0.000000,0.176125,0.000000,-0.000103,1.000000;;
     }

     Frame Bip01_DressBackNub {
      

      FrameTransformMatrix {
       0.000796,0.000003,1.000000,0.000000,0.000000,-1.000000,0.000003,0.000000,1.000000,0.000000,-0.000796,0.000000,0.136508,0.000000,0.000000,1.000000;;
      }
     }
    }
   }
  }

  Frame Bip01_Prop1 {
   

   FrameTransformMatrix {
    -0.233929,-0.108090,0.966227,0.000000,0.687222,0.684611,0.242967,0.000000,-0.687752,0.720849,-0.085868,0.000000,0.076452,-0.048658,-0.145664,1.000000;;
   }
  }

  Frame Bip01_Prop2 {
   

   FrameTransformMatrix {
    -0.163643,-0.967062,0.194966,0.000000,0.985576,-0.168906,-0.010564,0.000000,0.043147,0.190425,0.980753,0.000000,-0.138405,-0.102098,0.114818,1.000000;;
   }
  }
 }
}

Frame Translation_Data {
 

 FrameTransformMatrix {
  -0.000000,0.000000,-1.000000,0.000000,-1.000000,-0.000000,0.000000,0.000000,-0.000000,1.000000,0.000000,0.000000,0.000000,-0.000000,0.000000,1.000000;;
 }
}

Frame Bob_BoilerSuit {
 

 FrameTransformMatrix {
  1.000000,0.000000,0.000000,0.000000,0.000000,1.000000,0.000000,0.000000,0.000000,0.000000,1.000000,0.000000,0.000000,0.000000,0.000000,1.000000;;
 }

 Mesh Bob_BoilerSuit {
  333;
  0.065469;0.786685;0.002528;,
  0.034718;0.777317;-0.001388;,
  0.029638;0.802704;0.022052;,
  0.080101;0.765493;-0.007219;,
  0.092327;0.742484;-0.011867;,
  0.059369;0.714355;-0.034062;,
  0.043105;0.749748;-0.022508;,
  0.102902;0.706604;-0.004233;,
  0.032683;0.814987;0.078249;,
  0.080419;0.782287;0.101035;,
  0.066957;0.803236;0.066570;,
  0.047720;0.782879;0.108539;,
  0.098933;0.560530;0.055676;,
  0.049029;0.564188;0.081683;,
  0.047048;0.554917;0.086923;,
  0.092145;0.568922;0.053060;,
  0.081669;0.567647;-0.014256;,
  0.096466;0.541766;0.007015;,
  0.051709;0.561296;-0.043841;,
  0.077602;0.516693;-0.029394;,
  0.043828;0.503880;-0.040972;,
  0.000000;0.714739;-0.046552;,
  0.000000;0.751960;-0.025125;,
  -0.000000;0.561691;0.082138;,
  -0.000000;0.550504;0.087039;,
  0.055694;0.644310;0.095020;,
  -0.000000;0.679552;0.112979;,
  0.000000;0.644519;0.099681;,
  0.060391;0.682128;0.108533;,
  0.062031;0.461847;-0.040990;,
  0.124005;0.367643;0.000402;,
  0.075883;0.363691;-0.035078;,
  0.106231;0.467627;0.004546;,
  0.082909;0.269103;-0.031018;,
  0.124274;0.275798;0.024303;,
  0.008628;0.450105;-0.013967;,
  0.025503;0.363435;0.088925;,
  0.007503;0.433546;0.086240;,
  0.016111;0.357877;-0.002896;,
  0.048605;0.274890;0.074177;,
  0.042647;0.267203;0.019454;,
  0.122474;0.372879;0.079291;,
  0.098836;0.451134;0.077117;,
  0.105036;0.282941;0.075008;,
  0.091316;0.214758;-0.001935;,
  0.135531;0.148060;0.042283;,
  0.094758;0.143890;0.005839;,
  0.132072;0.222995;0.033567;,
  0.141019;0.058319;0.055528;,
  0.101742;0.065441;0.016624;,
  0.037843;0.196722;0.029526;,
  0.052544;0.151254;0.094115;,
  0.039975;0.220004;0.096802;,
  0.053809;0.138681;0.038787;,
  0.077778;0.062747;0.096402;,
  0.068761;0.057122;0.051980;,
  0.132967;0.157259;0.093590;,
  0.128847;0.236156;0.096035;,
  0.123033;0.063882;0.096717;,
  0.102811;0.512168;0.012595;,
  -0.000000;0.495810;-0.053089;,
  0.008628;0.450105;-0.013967;,
  -0.000000;0.456272;-0.036702;,
  0.102907;0.506670;0.076978;,
  0.044681;0.505713;0.106602;,
  0.098141;0.459447;0.077967;,
  0.044712;0.456150;0.102520;,
  0.054796;0.602485;0.081463;,
  0.092560;0.645454;0.073731;,
  0.107748;0.655009;0.050906;,
  0.088112;0.616917;-0.011111;,
  0.100436;0.669678;-0.008484;,
  0.096545;0.606218;0.048005;,
  0.060182;0.676118;-0.042495;,
  0.058372;0.618268;-0.039608;,
  0.000000;0.676488;-0.054005;,
  0.000000;0.614679;-0.046710;,
  0.135811;0.789861;-0.002273;,
  0.186865;0.793460;0.006515;,
  0.118121;0.722513;0.003769;,
  0.233150;0.715948;0.014774;,
  0.178484;0.715631;0.006510;,
  0.239554;0.782780;0.014984;,
  0.121201;0.718446;0.077989;,
  0.178484;0.715631;0.006510;,
  0.172639;0.716326;0.090900;,
  0.224350;0.716274;0.087132;,
  0.233150;0.715948;0.014774;,
  0.130395;0.735008;0.090630;,
  0.180545;0.794010;0.090901;,
  0.129532;0.790915;0.084337;,
  0.231050;0.782523;0.087373;,
  0.135120;0.803329;0.037228;,
  0.265190;0.784157;0.009222;,
  0.324086;0.711403;0.010945;,
  0.261456;0.708053;0.010463;,
  0.324932;0.766404;0.009281;,
  0.364441;0.710640;0.014437;,
  0.373829;0.754128;0.013519;,
  0.261456;0.708053;0.010463;,
  0.323088;0.722786;0.086280;,
  0.258283;0.708673;0.090955;,
  0.324086;0.711403;0.010945;,
  0.366418;0.719748;0.071428;,
  0.364441;0.710640;0.014437;,
  0.322915;0.766837;0.083878;,
  0.261538;0.784467;0.090082;,
  0.374705;0.755384;0.067802;,
  0.097352;0.805709;0.070822;,
  0.102377;0.815687;0.035730;,
  0.066957;0.803236;0.066570;,
  0.065672;0.807468;0.035676;,
  0.102900;0.688942;0.088732;,
  0.042163;0.815610;0.041516;,
  0.095498;0.798300;0.002522;,
  0.080101;0.765493;-0.007219;,
  0.065469;0.786685;0.002528;,
  0.104749;0.762217;-0.005859;,
  0.106823;0.734954;0.096083;,
  0.060468;0.721796;0.114039;,
  0.106924;0.736998;0.094633;,
  0.000000;0.716783;0.116527;,
  0.000000;0.778763;0.102606;,
  0.080419;0.782287;0.101035;,
  0.106924;0.736998;0.094633;,
  0.097020;0.721029;0.026290;,
  0.109381;0.723715;0.074817;,
  0.118121;0.722513;0.003769;,
  0.108371;0.697819;0.044795;,
  0.101982;0.700188;0.012905;,
  0.092327;0.742484;-0.011867;,
  0.114187;0.694020;0.064913;,
  0.016111;0.357877;-0.002896;,
  0.042647;0.267203;0.019454;,
  0.037843;0.196722;0.029526;,
  0.053809;0.138681;0.038787;,
  0.068761;0.057122;0.051980;,
  0.000000;0.438946;0.021604;,
  0.065672;0.807468;0.035676;,
  0.000000;0.560176;-0.048855;,
  -0.000000;0.502985;0.106663;,
  0.000000;0.464612;0.103553;,
  0.000000;0.439808;0.095087;,
  0.000000;0.438946;0.021604;,
  -0.000000;0.601705;0.084312;,
  0.042163;0.815610;0.041516;,
  0.065672;0.807468;0.035676;,
  0.109381;0.723715;0.074817;,
  0.000000;0.812752;0.087243;,
  0.095695;0.723559;0.041656;,
  0.097020;0.721029;0.026290;,
  0.092327;0.742484;-0.011867;,
  0.095695;0.723559;0.041656;,
  -0.065469;0.786685;0.002528;,
  -0.034718;0.777317;-0.001388;,
  -0.080101;0.765493;-0.007219;,
  -0.029638;0.802704;0.022052;,
  -0.092327;0.742484;-0.011867;,
  -0.059369;0.714355;-0.034062;,
  -0.102902;0.706604;-0.004233;,
  -0.043105;0.749748;-0.022508;,
  -0.032683;0.814987;0.078249;,
  -0.080419;0.782287;0.101035;,
  -0.047720;0.782879;0.108539;,
  -0.066957;0.803236;0.066570;,
  -0.098933;0.560530;0.055676;,
  -0.049029;0.564188;0.081683;,
  -0.092145;0.568922;0.053060;,
  -0.047048;0.554917;0.086923;,
  -0.081669;0.567647;-0.014256;,
  -0.096466;0.541766;0.007015;,
  -0.051709;0.561296;-0.043841;,
  -0.077602;0.516693;-0.029394;,
  -0.043828;0.503880;-0.040972;,
  -0.000000;0.561691;0.082138;,
  -0.000000;0.550504;0.087039;,
  -0.055694;0.644310;0.095020;,
  -0.000000;0.679552;0.112979;,
  -0.060391;0.682128;0.108533;,
  0.000000;0.644519;0.099681;,
  -0.062031;0.461847;-0.040990;,
  -0.124005;0.367643;0.000402;,
  -0.106231;0.467627;0.004546;,
  -0.075883;0.363691;-0.035078;,
  -0.082909;0.269103;-0.031018;,
  -0.124274;0.275798;0.024303;,
  -0.008628;0.450105;-0.013967;,
  -0.025503;0.363435;0.088925;,
  -0.016111;0.357877;-0.002896;,
  -0.007503;0.433546;0.086240;,
  -0.048605;0.274890;0.074177;,
  -0.042647;0.267203;0.019454;,
  -0.122474;0.372879;0.079291;,
  -0.098837;0.451133;0.077115;,
  -0.105036;0.282941;0.075008;,
  -0.091316;0.214758;-0.001935;,
  -0.135531;0.148060;0.042283;,
  -0.132072;0.222995;0.033567;,
  -0.094758;0.143890;0.005839;,
  -0.141409;0.058319;0.055528;,
  -0.101734;0.065441;0.016624;,
  -0.037843;0.196722;0.029526;,
  -0.052544;0.151254;0.094115;,
  -0.053809;0.138681;0.038787;,
  -0.039975;0.220004;0.096802;,
  -0.077529;0.062747;0.096402;,
  -0.068420;0.057122;0.051980;,
  -0.132967;0.157259;0.093590;,
  -0.128847;0.236156;0.096035;,
  -0.123241;0.063882;0.096717;,
  -0.102811;0.512168;0.012595;,
  -0.008628;0.450105;-0.013967;,
  -0.102907;0.506670;0.076978;,
  -0.044681;0.505713;0.106602;,
  -0.098141;0.459447;0.077967;,
  -0.044712;0.456150;0.102520;,
  -0.054796;0.602485;0.081463;,
  -0.092560;0.645454;0.073731;,
  -0.107748;0.655009;0.050906;,
  -0.088112;0.616917;-0.011111;,
  -0.096545;0.606218;0.048005;,
  -0.100436;0.669678;-0.008484;,
  -0.060182;0.676118;-0.042495;,
  -0.058372;0.618268;-0.039608;,
  -0.135811;0.789861;-0.002273;,
  -0.118121;0.722513;0.003769;,
  -0.186865;0.793460;0.006515;,
  -0.233150;0.715948;0.014774;,
  -0.239554;0.782780;0.014984;,
  -0.178484;0.715631;0.006510;,
  -0.121201;0.718446;0.077989;,
  -0.172639;0.716326;0.090900;,
  -0.178484;0.715631;0.006510;,
  -0.224350;0.716274;0.087132;,
  -0.233150;0.715948;0.014774;,
  -0.130395;0.735008;0.090630;,
  -0.180545;0.794010;0.090901;,
  -0.129532;0.790915;0.084337;,
  -0.231050;0.782523;0.087373;,
  -0.135120;0.803329;0.037228;,
  -0.265190;0.784157;0.009222;,
  -0.324086;0.711403;0.010945;,
  -0.324932;0.766404;0.009281;,
  -0.261456;0.708053;0.010463;,
  -0.364441;0.710640;0.014437;,
  -0.373829;0.754128;0.013519;,
  -0.261456;0.708053;0.010463;,
  -0.323088;0.722786;0.086280;,
  -0.324086;0.711403;0.010945;,
  -0.258283;0.708673;0.090955;,
  -0.366418;0.719748;0.071428;,
  -0.364441;0.710640;0.014437;,
  -0.322915;0.766837;0.083878;,
  -0.261538;0.784467;0.090082;,
  -0.374705;0.755384;0.067802;,
  -0.097352;0.805709;0.070822;,
  -0.102377;0.815687;0.035730;,
  -0.066957;0.803236;0.066570;,
  -0.065672;0.807468;0.035676;,
  -0.102900;0.688942;0.088732;,
  -0.042163;0.815610;0.041516;,
  -0.095498;0.798300;0.002522;,
  -0.080101;0.765493;-0.007219;,
  -0.104749;0.762217;-0.005859;,
  -0.065469;0.786685;0.002528;,
  -0.106823;0.734954;0.096083;,
  -0.106924;0.736998;0.094633;,
  -0.060468;0.721796;0.114039;,
  0.000000;0.716783;0.116527;,
  0.000000;0.778763;0.102606;,
  -0.080419;0.782287;0.101035;,
  -0.106924;0.736998;0.094633;,
  -0.097020;0.721029;0.026290;,
  -0.118121;0.722513;0.003769;,
  -0.109381;0.723715;0.074817;,
  -0.108371;0.697819;0.044795;,
  -0.101982;0.700188;0.012905;,
  -0.092327;0.742484;-0.011867;,
  -0.114187;0.694020;0.064913;,
  -0.016111;0.357877;-0.002896;,
  -0.042647;0.267203;0.019454;,
  -0.037843;0.196722;0.029526;,
  -0.053809;0.138681;0.038787;,
  -0.068420;0.057122;0.051980;,
  -0.065672;0.807468;0.035676;,
  -0.000000;0.502985;0.106663;,
  0.000000;0.464612;0.103553;,
  0.000000;0.439808;0.095087;,
  0.000000;0.438946;0.021604;,
  -0.000000;0.601705;0.084312;,
  -0.042163;0.815610;0.041516;,
  -0.065672;0.807468;0.035676;,
  -0.109381;0.723715;0.074817;,
  0.000000;0.812752;0.087243;,
  -0.095695;0.723559;0.041656;,
  -0.097020;0.721029;0.026290;,
  -0.092327;0.742484;-0.011867;,
  -0.095695;0.723559;0.041656;,
  0.366418;0.719748;0.071428;,
  0.373829;0.754128;0.013519;,
  0.374705;0.755384;0.067802;,
  0.364441;0.710640;0.014437;,
  -0.366418;0.719748;0.071428;,
  -0.373829;0.754128;0.013519;,
  -0.364441;0.710640;0.014437;,
  -0.374705;0.755384;0.067802;,
  0.077778;0.062747;0.096402;,
  0.141019;0.058319;0.055528;,
  0.123033;0.063882;0.096717;,
  0.101742;0.065441;0.016624;,
  0.068761;0.057122;0.051980;,
  -0.123241;0.063882;0.096717;,
  -0.068420;0.057122;0.051980;,
  -0.077529;0.062747;0.096402;,
  -0.141409;0.058319;0.055528;,
  -0.101734;0.065441;0.016624;,
  0.000000;0.812752;0.087243;,
  0.000000;0.768491;0.044062;,
  -0.032683;0.814987;0.078249;,
  0.000000;0.768491;0.044062;,
  -0.042163;0.815610;0.041516;,
  -0.042163;0.815610;0.041516;,
  0.000000;0.768491;0.044062;,
  -0.029638;0.802704;0.022052;,
  0.000000;0.751960;-0.025125;,
  0.029638;0.802704;0.022052;,
  0.000000;0.768491;0.044062;,
  0.042163;0.815610;0.041516;,
  0.032683;0.814987;0.078249;,
  0.042163;0.815610;0.041516;,
  0.000000;0.768491;0.044062;,
  0.000000;0.768491;0.044062;,
  0.000000;0.812752;0.087243;;
  468;
  3;0,1,2;,
  3;1,0,3;,
  3;4,5,6;,
  3;5,4,7;,
  3;8,9,10;,
  3;9,8,11;,
  3;12,13,14;,
  3;13,12,15;,
  3;16,12,17;,
  3;12,16,15;,
  3;18,19,20;,
  3;19,18,16;,
  3;6,21,22;,
  3;21,6,5;,
  3;14,23,24;,
  3;23,14,13;,
  3;25,26,27;,
  3;26,25,28;,
  3;29,30,31;,
  3;30,29,32;,
  3;30,33,31;,
  3;33,30,34;,
  3;35,36,37;,
  3;36,35,38;,
  3;38,39,36;,
  3;39,38,40;,
  3;37,41,42;,
  3;41,37,36;,
  3;36,43,41;,
  3;43,36,39;,
  3;42,30,32;,
  3;30,42,41;,
  3;41,34,30;,
  3;34,41,43;,
  3;44,45,46;,
  3;45,44,47;,
  3;46,48,49;,
  3;48,46,45;,
  3;50,51,52;,
  3;51,50,53;,
  3;53,54,51;,
  3;54,53,55;,
  3;52,56,57;,
  3;56,52,51;,
  3;51,58,56;,
  3;58,51,54;,
  3;57,45,47;,
  3;45,57,56;,
  3;56,48,45;,
  3;48,56,58;,
  3;32,19,59;,
  3;19,32,29;,
  3;60,61,62;,
  3;61,60,20;,
  3;14,63,12;,
  3;63,14,64;,
  3;64,65,63;,
  3;65,64,66;,
  3;66,42,65;,
  3;42,66,37;,
  3;44,34,47;,
  3;34,44,33;,
  3;47,43,57;,
  3;43,47,34;,
  3;43,52,57;,
  3;52,43,39;,
  3;39,50,52;,
  3;50,39,40;,
  3;12,59,17;,
  3;59,12,63;,
  3;63,32,59;,
  3;32,63,65;,
  3;65,42,32;,
  3;67,68,25;,
  3;69,70,71;,
  3;70,69,72;,
  3;70,73,71;,
  3;73,70,74;,
  3;75,74,76;,
  3;74,75,73;,
  3;77,78,79;,
  3;78,80,81;,
  3;80,78,82;,
  3;83,84,85;,
  3;84,86,85;,
  3;86,84,87;,
  3;88,89,90;,
  3;88,85,89;,
  3;88,83,85;,
  3;85,91,89;,
  3;91,85,86;,
  3;92,89,78;,
  3;89,82,78;,
  3;82,89,91;,
  3;93,94,95;,
  3;94,93,96;,
  3;96,97,94;,
  3;97,96,98;,
  3;99,100,101;,
  3;100,99,102;,
  3;102,103,100;,
  3;103,102,104;,
  3;101,105,106;,
  3;105,101,100;,
  3;100,107,105;,
  3;107,100,103;,
  3;106,96,93;,
  3;96,106,105;,
  3;105,98,96;,
  3;98,105,107;,
  3;91,93,82;,
  3;93,91,106;,
  3;82,95,80;,
  3;95,82,93;,
  3;86,99,101;,
  3;99,86,87;,
  3;101,91,86;,
  3;91,101,106;,
  3;108,92,109;,
  3;92,108,90;,
  3;109,110,108;,
  3;110,109,111;,
  3;68,28,25;,
  3;28,68,112;,
  3;10,113,8;,
  3;114,115,116;,
  3;115,114,117;,
  3;77,117,114;,
  3;118,11,119;,
  3;118,9,11;,
  3;118,120,9;,
  3;121,11,122;,
  3;11,121,119;,
  3;108,110,123;,
  3;90,124,88;,
  3;90,123,124;,
  3;90,108,123;,
  3;125,83,126;,
  3;83,125,127;,
  3;71,128,69;,
  3;128,71,129;,
  3;130,127,125;,
  3;7,129,71;,
  3;128,131,69;,
  3;20,29,61;,
  3;19,29,20;,
  3;29,31,132;,
  3;31,133,132;,
  3;133,31,33;,
  3;33,134,133;,
  3;134,33,44;,
  3;134,46,135;,
  3;46,134,44;,
  3;135,49,136;,
  3;49,135,46;,
  3;16,17,19;,
  3;17,59,19;,
  3;61,137,62;,
  3;113,10,138;,
  3;1,22,2;,
  3;20,139,18;,
  3;139,20,60;,
  3;24,64,14;,
  3;64,24,140;,
  3;64,141,66;,
  3;141,64,140;,
  3;141,37,66;,
  3;37,141,142;,
  3;142,143,37;,
  3;37,143,35;,
  3;84,83,127;,
  3;79,78,81;,
  3;74,16,18;,
  3;16,74,70;,
  3;70,15,16;,
  3;15,70,72;,
  3;15,67,13;,
  3;67,15,72;,
  3;13,144,23;,
  3;144,13,67;,
  3;145,146,2;,
  3;2,146,0;,
  3;116,109,114;,
  3;109,116,111;,
  3;114,92,77;,
  3;92,114,109;,
  3;92,78,77;,
  3;89,92,90;,
  3;29,132,61;,
  3;72,69,68;,
  3;118,147,120;,
  3;69,112,68;,
  3;112,69,131;,
  3;68,67,72;,
  3;148,11,8;,
  3;28,121,26;,
  3;121,28,119;,
  3;119,112,118;,
  3;112,119,28;,
  3;112,147,118;,
  3;147,112,131;,
  3;147,128,149;,
  3;128,147,131;,
  3;149,129,150;,
  3;129,149,128;,
  3;7,150,129;,
  3;150,7,4;,
  3;5,75,21;,
  3;75,5,73;,
  3;73,7,71;,
  3;7,73,5;,
  3;6,3,4;,
  3;3,6,1;,
  3;151,117,79;,
  3;117,151,115;,
  3;117,77,79;,
  3;88,126,83;,
  3;126,88,124;,
  3;6,22,1;,
  3;27,67,25;,
  3;67,27,144;,
  3;148,122,11;,
  3;18,76,74;,
  3;76,18,139;,
  3;125,126,152;,
  3;153,154,155;,
  3;154,153,156;,
  3;157,158,159;,
  3;158,157,160;,
  3;161,162,163;,
  3;162,161,164;,
  3;165,166,167;,
  3;166,165,168;,
  3;169,165,167;,
  3;165,169,170;,
  3;171,172,169;,
  3;172,171,173;,
  3;160,21,158;,
  3;21,160,22;,
  3;168,174,166;,
  3;174,168,175;,
  3;176,177,178;,
  3;177,176,179;,
  3;180,181,182;,
  3;181,180,183;,
  3;181,184,185;,
  3;184,181,183;,
  3;186,187,188;,
  3;187,186,189;,
  3;188,190,191;,
  3;190,188,187;,
  3;189,192,187;,
  3;192,189,193;,
  3;187,194,190;,
  3;194,187,192;,
  3;193,181,192;,
  3;181,193,182;,
  3;192,185,194;,
  3;185,192,181;,
  3;195,196,197;,
  3;196,195,198;,
  3;198,199,196;,
  3;199,198,200;,
  3;201,202,203;,
  3;202,201,204;,
  3;203,205,206;,
  3;205,203,202;,
  3;204,207,202;,
  3;207,204,208;,
  3;202,209,205;,
  3;209,202,207;,
  3;208,196,207;,
  3;196,208,197;,
  3;207,199,209;,
  3;199,207,196;,
  3;182,172,180;,
  3;172,182,210;,
  3;60,211,173;,
  3;211,60,62;,
  3;168,212,213;,
  3;212,168,165;,
  3;213,214,215;,
  3;214,213,212;,
  3;215,193,189;,
  3;193,215,214;,
  3;195,185,184;,
  3;185,195,197;,
  3;197,194,185;,
  3;194,197,208;,
  3;194,204,190;,
  3;204,194,208;,
  3;190,201,191;,
  3;201,190,204;,
  3;165,210,212;,
  3;210,165,170;,
  3;212,182,214;,
  3;182,212,210;,
  3;214,182,193;,
  3;216,176,217;,
  3;218,219,220;,
  3;219,218,221;,
  3;219,222,223;,
  3;222,219,221;,
  3;75,223,222;,
  3;223,75,76;,
  3;224,225,226;,
  3;226,227,228;,
  3;227,226,229;,
  3;230,231,232;,
  3;232,233,234;,
  3;233,232,231;,
  3;235,231,230;,
  3;235,236,231;,
  3;235,237,236;,
  3;231,238,233;,
  3;238,231,236;,
  3;239,226,236;,
  3;236,228,238;,
  3;228,236,226;,
  3;240,241,242;,
  3;241,240,243;,
  3;242,244,245;,
  3;244,242,241;,
  3;246,247,248;,
  3;247,246,249;,
  3;248,250,251;,
  3;250,248,247;,
  3;249,252,247;,
  3;252,249,253;,
  3;247,254,250;,
  3;254,247,252;,
  3;253,242,252;,
  3;242,253,240;,
  3;252,245,254;,
  3;245,252,242;,
  3;238,240,253;,
  3;240,238,228;,
  3;228,243,240;,
  3;243,228,227;,
  3;233,246,234;,
  3;246,233,249;,
  3;249,238,253;,
  3;238,249,233;,
  3;255,239,237;,
  3;239,255,256;,
  3;256,257,258;,
  3;257,256,255;,
  3;217,178,259;,
  3;178,217,176;,
  3;164,161,260;,
  3;261,262,263;,
  3;262,261,264;,
  3;224,261,263;,
  3;265,162,266;,
  3;265,163,162;,
  3;265,267,163;,
  3;268,163,267;,
  3;163,268,269;,
  3;255,270,257;,
  3;237,270,255;,
  3;237,271,270;,
  3;237,235,271;,
  3;272,230,273;,
  3;230,272,274;,
  3;221,275,276;,
  3;275,221,218;,
  3;277,272,273;,
  3;159,221,276;,
  3;275,218,278;,
  3;173,211,180;,
  3;172,173,180;,
  3;180,279,183;,
  3;183,280,184;,
  3;280,183,279;,
  3;184,281,195;,
  3;281,184,280;,
  3;281,198,195;,
  3;198,281,282;,
  3;282,200,198;,
  3;200,282,283;,
  3;169,172,170;,
  3;170,172,210;,
  3;211,62,137;,
  3;260,284,164;,
  3;154,156,22;,
  3;173,139,60;,
  3;139,173,171;,
  3;175,213,285;,
  3;213,175,168;,
  3;213,286,285;,
  3;286,213,215;,
  3;286,189,287;,
  3;189,286,215;,
  3;287,189,288;,
  3;189,186,288;,
  3;232,273,230;,
  3;225,229,226;,
  3;223,169,219;,
  3;169,223,171;,
  3;219,167,220;,
  3;167,219,169;,
  3;167,216,220;,
  3;216,167,166;,
  3;166,289,216;,
  3;289,166,174;,
  3;290,156,291;,
  3;156,153,291;,
  3;264,256,258;,
  3;256,264,261;,
  3;261,239,256;,
  3;239,261,224;,
  3;239,224,226;,
  3;236,237,239;,
  3;180,211,279;,
  3;220,217,218;,
  3;265,266,292;,
  3;218,259,278;,
  3;259,218,217;,
  3;217,220,216;,
  3;293,161,163;,
  3;178,268,267;,
  3;268,178,177;,
  3;267,259,178;,
  3;259,267,265;,
  3;259,292,278;,
  3;292,259,265;,
  3;292,275,278;,
  3;275,292,294;,
  3;294,276,275;,
  3;276,294,295;,
  3;159,295,157;,
  3;295,159,276;,
  3;158,75,222;,
  3;75,158,21;,
  3;222,159,158;,
  3;159,222,221;,
  3;160,155,154;,
  3;155,160,157;,
  3;296,263,262;,
  3;263,296,225;,
  3;263,225,224;,
  3;235,274,271;,
  3;274,235,230;,
  3;22,160,154;,
  3;179,216,289;,
  3;216,179,176;,
  3;293,163,269;,
  3;76,171,223;,
  3;171,76,139;,
  3;272,297,274;,
  3;298,299,300;,
  3;299,298,301;,
  3;302,303,304;,
  3;303,302,305;,
  3;306,307,308;,
  3;306,309,307;,
  3;310,309,306;,
  3;311,312,313;,
  3;314,312,311;,
  3;315,312,314;,
  3;316,317,318;,
  3;318,319,320;,
  3;321,322,323;,
  3;323,322,324;,
  3;325,324,326;,
  3;327,325,326;,
  3;328,329,330;,
  3;328,331,332;;

  MeshNormals {
   333;
   -0.076629;0.639580;-0.764896;,
   0.018548;0.604874;-0.796105;,
   0.041369;0.737869;-0.673675;,
   0.094387;0.373244;-0.922919;,
   0.410963;0.116416;-0.904189;,
   0.365189;0.234589;-0.900891;,
   0.180980;0.459257;-0.869672;,
   0.908148;0.163313;-0.385482;,
   0.255308;0.826283;0.502069;,
   0.243188;0.448234;0.860201;,
   0.113780;0.931772;0.344752;,
   0.151177;0.450422;0.879924;,
   0.847331;0.390824;0.359564;,
   0.283713;0.242597;0.927714;,
   0.199853;0.412452;0.888787;,
   0.874168;0.254910;0.413342;,
   0.842511;0.044240;-0.536859;,
   0.936775;0.204814;-0.283733;,
   0.382178;0.017440;-0.923924;,
   0.665205;0.059080;-0.744320;,
   0.249290;-0.033951;-0.967834;,
   0.000000;0.320708;-0.947178;,
   0.000000;0.530612;-0.847615;,
   0.000000;0.223695;0.974659;,
   0.000000;0.409989;0.912090;,
   0.272979;-0.338841;0.900372;,
   0.000000;-0.236941;0.971524;,
   0.000000;-0.337275;0.941406;,
   0.264522;-0.253919;0.930351;,
   0.186968;-0.014496;-0.982259;,
   0.928764;0.046099;-0.367795;,
   0.139952;-0.064850;-0.988032;,
   0.929762;0.086200;-0.357928;,
   0.154684;-0.208279;-0.965760;,
   0.956793;0.015488;-0.290358;,
   -0.254196;-0.692184;-0.675475;,
   -0.611638;-0.150150;0.776758;,
   -0.509943;-0.588828;0.627089;,
   -0.873501;-0.217487;-0.435541;,
   -0.695909;0.052290;0.716224;,
   -0.904087;-0.181283;-0.386994;,
   0.581953;0.032808;0.812560;,
   0.590134;0.030899;0.806714;,
   0.513384;0.158126;0.843465;,
   0.253585;-0.191500;-0.948168;,
   0.937862;-0.017744;-0.346555;,
   0.285815;-0.111293;-0.951800;,
   0.940338;0.060034;-0.334903;,
   0.969345;-0.030530;-0.243802;,
   0.298686;0.292392;-0.908457;,
   -0.898282;-0.160218;-0.409169;,
   -0.672901;-0.154424;0.723435;,
   -0.689557;0.087109;0.718974;,
   -0.885843;-0.234532;-0.400347;,
   -0.609549;-0.116253;0.784178;,
   -0.919868;-0.235227;-0.313865;,
   0.561429;0.005817;0.827505;,
   0.487166;0.231566;0.842049;,
   0.582982;0.047398;0.811101;,
   0.964074;0.054173;-0.260053;,
   0.000229;-0.164036;-0.986454;,
   -0.254196;-0.692184;-0.675475;,
   0.000000;-0.663309;-0.748345;,
   0.826515;0.117234;0.550571;,
   0.213969;0.153377;0.964724;,
   0.798419;-0.214499;0.562599;,
   0.196992;-0.128562;0.971939;,
   0.345493;-0.191275;0.918721;,
   0.684213;-0.329132;0.650788;,
   0.974553;-0.200128;0.100970;,
   0.869550;-0.124070;-0.478006;,
   0.874718;-0.048366;-0.482213;,
   0.932450;-0.212235;0.292392;,
   0.417649;0.041844;-0.907645;,
   0.438135;-0.045239;-0.897770;,
   0.000000;0.059151;-0.998249;,
   0.000000;-0.015600;-0.999878;,
   0.143587;0.479568;-0.865677;,
   0.201037;0.685031;-0.700226;,
   -0.066440;-0.740302;-0.668984;,
   -0.104609;-0.704452;-0.702000;,
   0.038464;-0.708896;-0.704263;,
   0.034518;0.721887;-0.691150;,
   -0.120033;-0.885847;0.448182;,
   0.038464;-0.708896;-0.704263;,
   -0.023533;-0.680212;0.732638;,
   -0.090479;-0.697412;0.710936;,
   -0.104609;-0.704452;-0.702000;,
   -0.008069;-0.127322;0.991829;,
   0.084644;0.678457;0.729747;,
   0.106116;0.596082;0.795881;,
   0.046513;0.686918;0.725245;,
   0.175082;0.983219;-0.051259;,
   0.027688;0.714455;-0.699133;,
   0.073453;-0.736619;-0.672307;,
   -0.089467;-0.736212;-0.670811;,
   0.203520;0.655376;-0.727367;,
   0.044782;-0.755094;-0.654085;,
   0.221099;0.678196;-0.700832;,
   -0.089467;-0.736212;-0.670811;,
   0.186479;-0.585840;0.788680;,
   -0.046663;-0.713999;0.698590;,
   0.073453;-0.736619;-0.672307;,
   0.188217;-0.662451;0.725074;,
   0.044782;-0.755094;-0.654085;,
   0.299898;0.652431;0.695985;,
   0.068818;0.724495;0.685836;,
   0.358922;0.740279;0.568473;,
   0.087780;0.848742;0.521470;,
   0.058735;0.993554;-0.096955;,
   0.113780;0.931772;0.344752;,
   0.001628;0.972911;-0.231176;,
   0.720582;-0.236032;0.651959;,
   0.268935;0.935351;-0.229766;,
   -0.040421;0.679614;-0.732455;,
   0.094387;0.373244;-0.922919;,
   -0.076629;0.639580;-0.764896;,
   0.176076;0.070090;-0.981878;,
   0.702392;0.003656;0.711781;,
   0.201319;-0.009777;0.979477;,
   0.446987;0.002331;0.894538;,
   0.000000;0.010169;0.999948;,
   0.000000;0.280152;0.959956;,
   0.243188;0.448234;0.860201;,
   0.446987;0.002331;0.894538;,
   0.817798;-0.559615;-0.134307;,
   0.670552;-0.666046;0.326715;,
   -0.066440;-0.740302;-0.668984;,
   0.960662;0.169825;-0.219744;,
   0.990847;0.127566;-0.044143;,
   0.410963;0.116416;-0.904189;,
   0.999298;-0.024500;0.028334;,
   -0.873501;-0.217487;-0.435541;,
   -0.904087;-0.181283;-0.386994;,
   -0.898282;-0.160218;-0.409169;,
   -0.885843;-0.234532;-0.400347;,
   -0.919868;-0.235227;-0.313865;,
   0.000002;-0.987107;-0.160060;,
   0.001628;0.972911;-0.231176;,
   -0.000000;0.024853;-0.999691;,
   0.000000;0.143046;0.989716;,
   -0.000000;-0.082398;0.996600;,
   0.000001;-0.653410;0.757005;,
   0.000002;-0.987107;-0.160060;,
   0.000000;-0.177248;0.984166;,
   0.268935;0.935351;-0.229766;,
   0.001628;0.972911;-0.231176;,
   0.670552;-0.666046;0.326715;,
   0.000000;0.572395;0.819978;,
   0.751892;-0.653235;-0.089117;,
   0.817798;-0.559615;-0.134307;,
   0.410963;0.116416;-0.904189;,
   0.751892;-0.653235;-0.089117;,
   0.076629;0.639580;-0.764896;,
   -0.018548;0.604874;-0.796105;,
   -0.094387;0.373244;-0.922919;,
   -0.041369;0.737869;-0.673675;,
   -0.410963;0.116416;-0.904189;,
   -0.365190;0.234589;-0.900891;,
   -0.908148;0.163313;-0.385482;,
   -0.180980;0.459257;-0.869672;,
   -0.255308;0.826283;0.502069;,
   -0.243188;0.448234;0.860201;,
   -0.151177;0.450422;0.879924;,
   -0.113780;0.931772;0.344752;,
   -0.847331;0.390824;0.359564;,
   -0.283713;0.242597;0.927714;,
   -0.874168;0.254910;0.413342;,
   -0.199853;0.412452;0.888787;,
   -0.842511;0.044240;-0.536859;,
   -0.936775;0.204814;-0.283733;,
   -0.382178;0.017440;-0.923924;,
   -0.665205;0.059080;-0.744320;,
   -0.249439;-0.033570;-0.967809;,
   0.000000;0.223695;0.974659;,
   0.000000;0.409989;0.912090;,
   -0.272979;-0.338841;0.900372;,
   0.000000;-0.236941;0.971524;,
   -0.264522;-0.253919;0.930351;,
   0.000000;-0.337275;0.941406;,
   -0.187064;-0.014496;-0.982241;,
   -0.928764;0.046099;-0.367795;,
   -0.929762;0.086200;-0.357928;,
   -0.140045;-0.064849;-0.988019;,
   -0.155161;-0.208852;-0.965560;,
   -0.956793;0.015489;-0.290358;,
   0.254196;-0.692184;-0.675474;,
   0.611637;-0.150144;0.776760;,
   0.873501;-0.217487;-0.435541;,
   0.509940;-0.588830;0.627089;,
   0.695909;0.052290;0.716224;,
   0.904087;-0.181283;-0.386994;,
   -0.594586;0.037764;0.803144;,
   -0.597965;0.038911;0.800577;,
   -0.532633;0.156214;0.831805;,
   -0.252155;-0.193026;-0.948240;,
   -0.937690;-0.016470;-0.347083;,
   -0.940338;0.060034;-0.334903;,
   -0.281714;-0.111961;-0.952944;,
   -0.969368;-0.027862;-0.244026;,
   -0.293258;0.292400;-0.910221;,
   0.898282;-0.160218;-0.409169;,
   0.672779;-0.153365;0.723773;,
   0.885871;-0.233252;-0.401032;,
   0.689557;0.087109;0.718974;,
   0.610297;-0.114304;0.783883;,
   0.920272;-0.232729;-0.314543;,
   -0.548846;-0.005531;0.835905;,
   -0.498710;0.221267;0.838051;,
   -0.553871;0.045107;0.831379;,
   -0.964074;0.054172;-0.260052;,
   0.254196;-0.692184;-0.675474;,
   -0.826515;0.117234;0.550571;,
   -0.213969;0.153377;0.964724;,
   -0.798394;-0.214531;0.562623;,
   -0.199269;-0.120162;0.972550;,
   -0.345493;-0.191275;0.918721;,
   -0.684213;-0.329132;0.650788;,
   -0.974553;-0.200128;0.100970;,
   -0.869550;-0.124070;-0.478006;,
   -0.932450;-0.212235;0.292392;,
