xof 0303txt 0032
template XSkinMeshHeader {
 <3cf169ce-ff7c-44ab-93c0-f78f62d172e2>
 WORD nMaxSkinWeightsPerVertex;
 WORD nMaxSkinWeightsPerFace;
 WORD nBones;
}

template VertexDuplicationIndices {
 <b8d65549-d7c9-4995-89cf-53a9a8b031e3>
 DWORD nIndices;
 DWORD nOriginalVertices;
 array DWORD indices[nIndices];
}

template SkinWeights {
 <6f0d123b-bad2-4167-a0d0-80224f25fabb>
 STRING transformNodeName;
 DWORD nWeights;
 array DWORD vertexIndices[nWeights];
 array FLOAT weights[nWeights];
 Matrix4x4 matrixOffset;
}

template AnimTicksPerSecond {
 <9e415a43-7ba6-4a73-8743-b73d47e88476>
 DWORD AnimTicksPerSecond;
}


AnimTicksPerSecond {
 4800;
}

Frame Dummy01 {
 

 FrameTransformMatrix {
  1.000000,0.000000,0.000000,0.000000,0.000000,-0.000000,-1.000000,0.000000,0.000000,1.000000,-0.000000,0.000000,0.000000,0.000000,0.000000,1.000000;;
 }

 Frame Bip01 {
  

  FrameTransformMatrix {
   -0.087155,0.982405,-0.165183,0.000000,-0.000001,0.165814,0.986157,0.000000,0.996195,0.085949,-0.014450,0.000000,-0.010000,-0.012284,0.490453,1.000000;;
  }

  Frame Bip01_Pelvis {
   

   FrameTransformMatrix {
    0.000000,1.000000,-0.000001,0.000000,-0.000001,0.000001,1.000000,0.000000,1.000000,0.000000,0.000001,0.000000,0.000000,0.000000,0.000000,1.000000;;
   }

   Frame Bip01_Spine {
    

    FrameTransformMatrix {
     0.984686,0.000002,-0.174337,0.000000,-0.000001,1.000000,0.000004,0.000000,0.174337,-0.000004,0.984686,0.000000,0.051619,0.000000,-0.000083,1.000000;;
    }

    Frame Bip01_Spine1 {
     

     FrameTransformMatrix {
      0.997819,0.052687,0.039774,0.000000,-0.044862,0.983198,-0.176942,0.000000,-0.048428,0.174771,0.983417,0.000000,0.106484,-0.000015,-0.000083,1.000000;;
     }

     Frame Bip01_Neck {
      

      FrameTransformMatrix {
       0.966067,-0.020835,0.257451,0.000000,0.025191,0.999590,-0.013632,0.000000,-0.257061,0.019655,0.966195,0.000000,0.130511,-0.000001,0.004626,1.000000;;
      }

      Frame Bip01_Head {
       

       FrameTransformMatrix {
        0.989321,-0.051753,-0.136255,0.000000,0.064251,0.993958,0.088989,0.000000,0.130826,-0.096793,0.986669,0.000000,0.033674,-0.000000,-0.000000,1.000000;;
       }
      }

      Frame Bip01_L_Clavicle {
       

       FrameTransformMatrix {
        -0.205975,0.976135,0.068811,0.000000,0.943873,0.216738,-0.249254,0.000000,-0.258220,0.013609,-0.965990,0.000000,-0.024734,0.015166,0.002017,1.000000;;
       }

       Frame Bip01_L_UpperArm {
        

        FrameTransformMatrix {
         0.385871,-0.777669,0.496320,0.000000,0.922466,0.332598,-0.196046,0.000000,-0.012616,0.533487,0.845714,0.000000,0.087086,-0.000000,-0.000000,1.000000;;
        }

        Frame Bip01_L_Forearm {
         

         FrameTransformMatrix {
          0.943939,0.000000,-0.330119,0.000000,0.000000,1.000000,-0.000000,0.000000,0.330119,-0.000000,0.943939,0.000000,0.137062,0.000000,0.000000,1.000000;;
         }

         Frame Bip01_L_Hand {
          

          FrameTransformMatrix {
           1.000000,-0.000000,0.000000,0.000000,0.000000,0.000796,1.000000,0.000000,0.000000,-1.000000,0.000796,0.000000,0.137062,0.000000,0.000000,1.000000;;
          }

          Frame Bip01_L_Finger0 {
           

           FrameTransformMatrix {
            0.690342,-0.181727,0.700288,0.000000,0.558537,0.749101,-0.356210,0.000000,-0.459853,0.637043,0.618637,0.000000,0.057681,-0.023605,-0.000272,1.000000;;
           }
          }

          Frame Bip01_L_Finger1 {
           

           FrameTransformMatrix {
            0.728079,-0.000546,0.685493,0.000000,0.000000,1.000000,0.000796,0.000000,-0.685493,-0.000580,0.728079,0.000000,0.084102,0.000000,0.000000,1.000000;;
           }
          }
         }
        }
       }
      }

      Frame Bip01_R_Clavicle {
       

       FrameTransformMatrix {
        -0.028509,-0.999573,-0.006461,0.000000,-0.965665,0.025871,0.258498,0.000000,-0.258220,0.013609,-0.965990,0.000000,-0.024080,-0.016250,0.001399,1.000000;;
       }

       Frame Bip01_R_UpperArm {
        

        FrameTransformMatrix {
         0.221390,0.975047,0.016433,0.000000,-0.974986,0.221654,-0.016512,0.000000,-0.019742,-0.012366,0.999729,0.000000,0.087086,0.000000,0.000000,1.000000;;
        }

        Frame Bip01_R_Forearm {
         

         FrameTransformMatrix {
          0.915660,-0.000000,-0.401954,0.000000,-0.000000,1.000000,-0.000000,0.000000,0.401954,-0.000000,0.915660,0.000000,0.137062,0.000000,0.000000,1.000000;;
         }

         Frame Bip01_R_Hand {
          

          FrameTransformMatrix {
           0.975195,-0.000000,-0.221346,0.000000,-0.221346,0.000796,-0.975195,0.000000,0.000176,1.000000,0.000777,0.000000,0.137062,-0.000000,0.000000,1.000000;;
          }

          Frame Bip01_R_Finger0 {
           

           FrameTransformMatrix {
            0.417774,-0.116941,0.900994,0.000000,-0.558537,0.749101,0.356210,0.000000,-0.716591,-0.652054,0.247639,0.000000,0.057681,0.023605,-0.000272,1.000000;;
           }
          }

          Frame Bip01_R_Finger1 {
           

           FrameTransformMatrix {
            0.352436,0.000745,0.935835,0.000000,0.000000,1.000000,-0.000796,0.000000,-0.935836,0.000281,0.352436,0.000000,0.084102,0.000000,0.000000,1.000000;;
           }
          }
         }
        }
       }
      }
     }

     Frame Bip01_BackPack {
      

      FrameTransformMatrix {
       0.180560,0.080500,-0.980264,0.000000,0.047560,0.994764,0.090451,0.000000,0.982413,-0.062954,0.175786,0.000000,0.063697,0.000003,-0.088856,1.000000;;
      }
     }
    }

    Frame Bip01_L_Thigh {
     

     FrameTransformMatrix {
      -0.888504,0.030427,0.457858,0.000000,-0.032107,-0.999476,0.004114,0.000000,0.457744,-0.011045,0.889016,0.000000,-0.050843,0.055225,-0.008917,1.000000;;
     }

     Frame Bip01_L_Calf {
      

      FrameTransformMatrix {
       0.942235,-0.000000,-0.334952,0.000000,-0.000000,1.000000,-0.000000,0.000000,0.334952,-0.000000,0.942235,0.000000,0.237500,0.000000,-0.000000,1.000000;;
      }

      Frame Bip01_L_Foot {
       

       FrameTransformMatrix {
        0.924325,-0.026487,0.380687,0.000000,-0.068962,0.969570,0.234901,0.000000,-0.375325,-0.243378,0.894371,0.000000,0.206841,0.000000,0.000000,1.000000;;
       }

       Frame Bip01_L_Toe0 {
        

        FrameTransformMatrix {
         0.000000,0.000000,1.000000,0.000000,0.000000,1.000000,-0.000000,0.000000,-1.000000,0.000000,0.000000,0.000000,0.065373,0.000000,0.066450,1.000000;;
        }
       }
      }
     }
    }

    Frame Bip01_R_Thigh {
     

     FrameTransformMatrix {
      -0.996965,0.030321,-0.071704,0.000000,-0.029454,-0.999480,-0.013113,0.000000,-0.072065,-0.010961,0.997340,0.000000,-0.050843,-0.055225,-0.008917,1.000000;;
     }

     Frame Bip01_R_Calf {
      

      FrameTransformMatrix {
       0.730239,0.000000,-0.683192,0.000000,0.000000,1.000000,0.000000,0.000000,0.683192,0.000000,0.730239,0.000000,0.237500,0.000000,0.000000,1.000000;;
      }

      Frame Bip01_R_Foot {
       

       FrameTransformMatrix {
        0.991957,0.087165,-0.091782,0.000000,-0.093276,0.993546,-0.064539,0.000000,0.085565,0.072581,0.993685,0.000000,0.206841,0.000000,0.000000,1.000000;;
       }

       Frame Bip01_R_Toe0 {
        

        FrameTransformMatrix {
         0.000000,0.000000,1.000000,0.000000,0.000000,1.000000,-0.000000,0.000000,-1.000000,0.000000,0.000000,0.000000,0.065373,0.000000,0.066450,1.000000;;
        }
       }
      }
     }
    }
   }

   Frame Bip01_DressFront {
    

    FrameTransformMatrix {
     -0.880185,-0.088339,0.466338,0.000000,0.121847,0.907542,0.401896,0.000000,-0.458725,0.410564,-0.788041,0.000000,-0.043935,0.001339,0.061057,1.000000;;
    }

    Frame Bip01_DressFront02 {
     

     FrameTransformMatrix {
      0.912593,0.000001,0.408870,0.000000,-0.000001,1.000000,-0.000000,0.000000,-0.408870,-0.000000,0.912593,0.000000,0.183378,-0.000000,-0.000120,1.000000;;
     }
    }
   }

   Frame Bip01_DressBack {
    

    FrameTransformMatrix {
     -0.886023,0.038029,0.462080,0.000000,0.191625,0.937561,0.290274,0.000000,-0.422190,0.345735,-0.837988,0.000000,-0.047673,-0.000048,-0.078302,1.000000;;
    }

    Frame Bip01_DressBack02 {
     

     FrameTransformMatrix {
      0.936852,0.174932,-0.302833,0.000000,-0.166408,0.984581,0.053939,0.000000,0.307600,-0.000139,0.951516,0.000000,0.176125,0.000000,-0.000103,1.000000;;
     }
    }
   }
  }

  Frame Bip01_Prop1 {
   

   FrameTransformMatrix {
    -0.233929,-0.108090,0.966227,0.000000,0.687222,0.684611,0.242967,0.000000,-0.687752,0.720849,-0.085868,0.000000,0.076452,-0.048658,-0.145664,1.000000;;
   }
  }

  Frame Bip01_Prop2 {
   

   FrameTransformMatrix {
    -0.163643,-0.967062,0.194966,0.000000,0.985576,-0.168906,-0.010564,0.000000,0.043147,0.190425,0.980753,0.000000,-0.138405,-0.102098,0.114818,1.000000;;
   }
  }
 }
}

Frame Translation_Data {
 

 FrameTransformMatrix {
  -0.000000,0.000000,-1.000000,0.000000,-1.000000,-0.000000,0.000000,0.000000,-0.000000,1.000000,0.000000,0.000000,0.000000,-0.000000,0.000000,1.000000;;
 }
}

Frame Bob_Apron {
 

 FrameTransformMatrix {
  1.000000,0.000000,0.000000,0.000000,0.000000,1.000000,0.000000,0.000000,0.000000,0.000000,1.000000,0.000000,0.000000,0.000000,0.000000,1.000000;;
 }

 Mesh Bob_Apron {
  406;
  0.032943;0.538294;-0.065770;,
  0.029154;0.480331;-0.060848;,
  0.062160;0.499965;-0.050635;,
  0.071868;0.550232;-0.036201;,
  0.044745;0.483219;-0.072072;,
  0.045836;0.398461;-0.124368;,
  0.087663;0.376346;-0.091093;,
  0.087728;0.464018;-0.037279;,
  0.086545;0.500071;-0.021678;,
  0.079467;0.520083;-0.032222;,
  -0.016378;0.536260;-0.069261;,
  -0.016941;0.471582;-0.065464;,
  0.041964;0.595976;-0.060895;,
  0.073074;0.590315;-0.020113;,
  0.080386;0.560885;0.037993;,
  0.082380;0.583659;0.034893;,
  0.043005;0.563274;0.069176;,
  0.046113;0.586352;0.070635;,
  -0.003812;0.562438;0.073035;,
  -0.006644;0.587551;0.077087;,
  -0.013344;0.592317;-0.070172;,
  0.044745;0.483219;-0.072072;,
  -0.011675;0.463897;-0.074191;,
  -0.016692;0.385789;-0.113144;,
  0.045836;0.398461;-0.124368;,
  0.029154;0.480331;-0.060848;,
  -0.059058;0.539596;-0.057919;,
  -0.097415;0.552674;-0.021880;,
  -0.092307;0.495201;-0.040273;,
  -0.066660;0.489570;-0.056449;,
  -0.077417;0.447129;-0.050105;,
  -0.112406;0.447163;-0.002232;,
  -0.113154;0.343688;0.000197;,
  -0.079024;0.344693;-0.046507;,
  -0.111622;0.492915;-0.007231;,
  -0.105183;0.522119;-0.016904;,
  -0.067606;0.598720;-0.056213;,
  -0.095078;0.594363;-0.011675;,
  -0.098420;0.587245;0.046815;,
  -0.093766;0.563436;0.053009;,
  -0.058184;0.588698;0.076494;,
  -0.050643;0.564675;0.077093;,
  -0.006644;0.587551;0.077087;,
  -0.003812;0.562438;0.073035;,
  -0.031210;0.442771;-0.062186;,
  -0.035664;0.350793;-0.066309;,
  -0.037355;0.372430;-0.104285;,
  -0.019945;0.442846;-0.068770;,
  -0.016941;0.471582;-0.065464;,
  -0.066660;0.489570;-0.056449;,
  -0.077417;0.447129;-0.050105;,
  -0.079024;0.344693;-0.046507;,
  -0.093840;0.598304;-0.001457;,
  -0.089718;0.590819;0.037841;,
  -0.098420;0.587245;0.046815;,
  -0.095078;0.594363;-0.011675;,
  -0.054478;0.591636;0.061826;,
  -0.058184;0.588698;0.076494;,
  -0.007603;0.590303;0.062245;,
  -0.006644;0.587551;0.077087;,
  -0.007603;0.590303;0.062245;,
  0.040039;0.589387;0.057030;,
  0.046113;0.586352;0.070635;,
  -0.006644;0.587551;0.077087;,
  0.072046;0.587315;0.028318;,
  0.082380;0.583659;0.034893;,
  0.071721;0.594224;-0.009274;,
  0.073074;0.590315;-0.020113;,
  0.071960;0.559583;0.030856;,
  0.038093;0.561099;0.055962;,
  0.043005;0.563274;0.069176;,
  0.080386;0.560885;0.037993;,
  -0.004986;0.560752;0.059745;,
  -0.003812;0.562438;0.073035;,
  -0.004986;0.560752;0.059745;,
  -0.048127;0.562385;0.063274;,
  -0.050643;0.564675;0.077093;,
  -0.003812;0.562438;0.073035;,
  -0.086761;0.561904;0.044569;,
  -0.093766;0.563436;0.053009;,
  -0.093092;0.550979;-0.006132;,
  -0.097415;0.552674;-0.021880;,
  -0.093092;0.550979;-0.006132;,
  -0.096845;0.523547;0.000478;,
  -0.105183;0.522119;-0.016904;,
  -0.097415;0.552674;-0.021880;,
  -0.102606;0.494868;0.009564;,
  -0.111622;0.492915;-0.007231;,
  -0.101375;0.448879;0.015009;,
  -0.112406;0.447163;-0.002232;,
  -0.100849;0.344864;0.017526;,
  -0.113154;0.343688;0.000197;,
  0.078554;0.367426;-0.073999;,
  0.079842;0.456487;-0.019569;,
  0.087728;0.464018;-0.037279;,
  0.087663;0.376346;-0.091093;,
  0.079842;0.456487;-0.019569;,
  0.080812;0.495999;-0.004986;,
  0.086545;0.500071;-0.021678;,
  0.087728;0.464018;-0.037279;,
  0.075071;0.521233;-0.013971;,
  0.079467;0.520083;-0.032222;,
  0.086545;0.500071;-0.021678;,
  0.069214;0.548633;-0.020131;,
  0.071868;0.550232;-0.036201;,
  0.069214;0.548633;-0.020131;,
  0.071868;0.550232;-0.036201;,
  0.048065;0.464906;-0.044388;,
  0.079842;0.456487;-0.019569;,
  0.078554;0.367426;-0.073999;,
  0.047935;0.384918;-0.101653;,
  0.064626;0.502478;-0.024128;,
  0.080812;0.495999;-0.004986;,
  0.031755;0.495912;-0.032002;,
  0.048065;0.464906;-0.044388;,
  0.047935;0.384918;-0.101653;,
  -0.001889;0.369933;-0.078473;,
  -0.004476;0.453508;-0.051029;,
  0.031755;0.495912;-0.032002;,
  -0.075847;0.446901;-0.022468;,
  -0.076408;0.345005;-0.020106;,
  -0.100849;0.344864;0.017526;,
  -0.101375;0.448879;0.015009;,
  -0.102606;0.494868;0.009564;,
  -0.090136;0.498908;-0.013978;,
  -0.059275;0.489025;-0.027079;,
  -0.025819;0.443389;-0.040248;,
  -0.014759;0.439948;-0.044948;,
  -0.022591;0.367246;-0.074958;,
  -0.037538;0.361501;-0.057933;,
  -0.014395;0.477341;-0.042078;,
  -0.059275;0.489025;-0.027079;,
  -0.075847;0.446901;-0.022468;,
  -0.076408;0.345005;-0.020106;,
  0.034640;0.540773;-0.046508;,
  0.069214;0.548633;-0.020131;,
  0.064626;0.502478;-0.024128;,
  0.031755;0.495912;-0.032002;,
  0.069214;0.548633;-0.020131;,
  0.075071;0.521233;-0.013971;,
  0.064626;0.502478;-0.024128;,
  0.075071;0.521233;-0.013971;,
  0.080812;0.495999;-0.004986;,
  0.031755;0.495912;-0.032002;,
  -0.014395;0.477341;-0.042078;,
  -0.014521;0.539086;-0.048952;,
  0.034640;0.540773;-0.046508;,
  0.042743;0.598133;-0.042482;,
  0.071721;0.594224;-0.009274;,
  0.069214;0.548633;-0.020131;,
  0.034640;0.540773;-0.046508;,
  -0.014521;0.539086;-0.048952;,
  -0.012647;0.594759;-0.047188;,
  -0.057361;0.542103;-0.038674;,
  -0.059275;0.489025;-0.027079;,
  -0.090136;0.498908;-0.013978;,
  -0.093092;0.550979;-0.006132;,
  -0.093092;0.550979;-0.006132;,
  -0.090136;0.498908;-0.013978;,
  -0.096845;0.523547;0.000478;,
  -0.102606;0.494868;0.009564;,
  -0.057361;0.542103;-0.038674;,
  -0.014521;0.539086;-0.048952;,
  -0.014395;0.477341;-0.042078;,
  -0.066833;0.600762;-0.037360;,
  -0.057361;0.542103;-0.038674;,
  -0.093092;0.550979;-0.006132;,
  -0.093840;0.598304;-0.001457;,
  0.032943;0.538294;-0.065770;,
  0.032943;0.538294;-0.065770;,
  0.032943;0.538294;-0.065770;,
  0.032943;0.538294;-0.065770;,
  0.032943;0.538294;-0.065770;,
  0.029154;0.480331;-0.060848;,
  0.029154;0.480331;-0.060848;,
  0.029154;0.480331;-0.060848;,
  0.062160;0.499965;-0.050635;,
  0.062160;0.499965;-0.050635;,
  0.062160;0.499965;-0.050635;,
  0.062160;0.499965;-0.050635;,
  0.062160;0.499965;-0.050635;,
  0.062160;0.499965;-0.050635;,
  0.071868;0.550232;-0.036201;,
  0.071868;0.550232;-0.036201;,
  0.071868;0.550232;-0.036201;,
  0.071868;0.550232;-0.036201;,
  0.044745;0.483219;-0.072072;,
  0.044745;0.483219;-0.072072;,
  0.044745;0.483219;-0.072072;,
  0.087728;0.464018;-0.037279;,
  0.087728;0.464018;-0.037279;,
  0.086545;0.500071;-0.021678;,
  0.079467;0.520083;-0.032222;,
  -0.016378;0.536260;-0.069261;,
  -0.016378;0.536260;-0.069261;,
  -0.016378;0.536260;-0.069261;,
  -0.016378;0.536260;-0.069261;,
  -0.016378;0.536260;-0.069261;,
  0.041964;0.595976;-0.060895;,
  0.041964;0.595976;-0.060895;,
  0.073074;0.590315;-0.020113;,
  0.073074;0.590315;-0.020113;,
  0.080386;0.560885;0.037993;,
  0.080386;0.560885;0.037993;,
  0.080386;0.560885;0.037993;,
  0.082380;0.583659;0.034893;,
  0.043005;0.563274;0.069176;,
  0.043005;0.563274;0.069176;,
  0.046113;0.586352;0.070635;,
  0.046113;0.586352;0.070635;,
  -0.006644;0.587551;0.077087;,
  -0.013344;0.592317;-0.070172;,
  -0.013344;0.592317;-0.070172;,
  -0.013344;0.592317;-0.070172;,
  0.044745;0.483219;-0.072072;,
  0.044745;0.483219;-0.072072;,
  -0.011675;0.463897;-0.074191;,
  -0.011675;0.463897;-0.074191;,
  -0.011675;0.463897;-0.074191;,
  -0.011675;0.463897;-0.074191;,
  -0.011675;0.463897;-0.074191;,
  -0.016692;0.385789;-0.113144;,
  -0.016692;0.385789;-0.113144;,
  0.029154;0.480331;-0.060848;,
  -0.059058;0.539596;-0.057919;,
  -0.059058;0.539596;-0.057919;,
  -0.059058;0.539596;-0.057919;,
  -0.059058;0.539596;-0.057919;,
  -0.059058;0.539596;-0.057919;,
  -0.097415;0.552674;-0.021880;,
  -0.097415;0.552674;-0.021880;,
  -0.097415;0.552674;-0.021880;,
  -0.097415;0.552674;-0.021880;,
  -0.092307;0.495201;-0.040273;,
  -0.092307;0.495201;-0.040273;,
  -0.092307;0.495201;-0.040273;,
  -0.092307;0.495201;-0.040273;,
  -0.092307;0.495201;-0.040273;,
  -0.092307;0.495201;-0.040273;,
  -0.066660;0.489570;-0.056449;,
  -0.066660;0.489570;-0.056449;,
  -0.066660;0.489570;-0.056449;,
  -0.077417;0.447129;-0.050105;,
  -0.077417;0.447129;-0.050105;,
  -0.077417;0.447129;-0.050105;,
  -0.111622;0.492915;-0.007231;,
  -0.105183;0.522119;-0.016904;,
  -0.067606;0.598720;-0.056213;,
  -0.067606;0.598720;-0.056213;,
  -0.095078;0.594363;-0.011675;,
  -0.095078;0.594363;-0.011675;,
  -0.098420;0.587245;0.046815;,
  -0.093766;0.563436;0.053009;,
  -0.093766;0.563436;0.053009;,
  -0.093766;0.563436;0.053009;,
  -0.058184;0.588698;0.076494;,
  -0.058184;0.588698;0.076494;,
  -0.050643;0.564675;0.077093;,
  -0.050643;0.564675;0.077093;,
  -0.006644;0.587551;0.077087;,
  -0.031210;0.442771;-0.062186;,
  -0.031210;0.442771;-0.062186;,
  -0.031210;0.442771;-0.062186;,
  -0.031210;0.442771;-0.062186;,
  -0.031210;0.442771;-0.062186;,
  -0.035664;0.350793;-0.066309;,
  -0.035664;0.350793;-0.066309;,
  -0.037355;0.372430;-0.104285;,
  -0.037355;0.372430;-0.104285;,
  -0.037355;0.372430;-0.104285;,
  -0.019945;0.442846;-0.068770;,
  -0.019945;0.442846;-0.068770;,
  -0.019945;0.442846;-0.068770;,
  -0.066660;0.489570;-0.056449;,
  -0.077417;0.447129;-0.050105;,
  -0.077417;0.447129;-0.050105;,
  -0.093840;0.598304;-0.001457;,
  -0.089718;0.590819;0.037841;,
  -0.089718;0.590819;0.037841;,
  -0.098420;0.587245;0.046815;,
  -0.098420;0.587245;0.046815;,
  -0.054478;0.591636;0.061826;,
  -0.054478;0.591636;0.061826;,
  -0.058184;0.588698;0.076494;,
  -0.058184;0.588698;0.076494;,
  -0.006644;0.587551;0.077087;,
  -0.007603;0.590303;0.062245;,
  0.040039;0.589387;0.057030;,
  0.040039;0.589387;0.057030;,
  0.046113;0.586352;0.070635;,
  0.046113;0.586352;0.070635;,
  0.072046;0.587315;0.028318;,
  0.072046;0.587315;0.028318;,
  0.082380;0.583659;0.034893;,
  0.082380;0.583659;0.034893;,
  0.073074;0.590315;-0.020113;,
  0.071960;0.559583;0.030856;,
  0.071960;0.559583;0.030856;,
  0.038093;0.561099;0.055962;,
  0.038093;0.561099;0.055962;,
  0.043005;0.563274;0.069176;,
  0.043005;0.563274;0.069176;,
  0.080386;0.560885;0.037993;,
  0.080386;0.560885;0.037993;,
  -0.003812;0.562438;0.073035;,
  -0.004986;0.560752;0.059745;,
  -0.048127;0.562385;0.063274;,
  -0.048127;0.562385;0.063274;,
  -0.050643;0.564675;0.077093;,
  -0.050643;0.564675;0.077093;,
  -0.086761;0.561904;0.044569;,
  -0.086761;0.561904;0.044569;,
  -0.093766;0.563436;0.053009;,
  -0.093766;0.563436;0.053009;,
  -0.097415;0.552674;-0.021880;,
  -0.093092;0.550979;-0.006132;,
  -0.096845;0.523547;0.000478;,
  -0.096845;0.523547;0.000478;,
  -0.105183;0.522119;-0.016904;,
  -0.105183;0.522119;-0.016904;,
  -0.102606;0.494868;0.009564;,
  -0.102606;0.494868;0.009564;,
  -0.111622;0.492915;-0.007231;,
  -0.111622;0.492915;-0.007231;,
  -0.101375;0.448879;0.015009;,
  -0.101375;0.448879;0.015009;,
  -0.112406;0.447163;-0.002232;,
  -0.112406;0.447163;-0.002232;,
  0.087728;0.464018;-0.037279;,
  0.079842;0.456487;-0.019569;,
  0.080812;0.495999;-0.004986;,
  0.080812;0.495999;-0.004986;,
  0.086545;0.500071;-0.021678;,
  0.075071;0.521233;-0.013971;,
  0.075071;0.521233;-0.013971;,
  0.079467;0.520083;-0.032222;,
  0.079467;0.520083;-0.032222;,
  0.071868;0.550232;-0.036201;,
  0.069214;0.548633;-0.020131;,
  0.048065;0.464906;-0.044388;,
  0.048065;0.464906;-0.044388;,
  0.048065;0.464906;-0.044388;,
  0.079842;0.456487;-0.019569;,
  0.079842;0.456487;-0.019569;,
  0.064626;0.502478;-0.024128;,
  0.064626;0.502478;-0.024128;,
  0.048065;0.464906;-0.044388;,
  0.048065;0.464906;-0.044388;,
  -0.001889;0.369933;-0.078473;,
  -0.001889;0.369933;-0.078473;,
  -0.004476;0.453508;-0.051029;,
  -0.004476;0.453508;-0.051029;,
  -0.004476;0.453508;-0.051029;,
  -0.004476;0.453508;-0.051029;,
  -0.004476;0.453508;-0.051029;,
  0.031755;0.495912;-0.032002;,
  -0.075847;0.446901;-0.022468;,
  -0.075847;0.446901;-0.022468;,
  -0.075847;0.446901;-0.022468;,
  -0.090136;0.498908;-0.013978;,
  -0.090136;0.498908;-0.013978;,
  -0.025819;0.443389;-0.040248;,
  -0.025819;0.443389;-0.040248;,
  -0.025819;0.443389;-0.040248;,
  -0.025819;0.443389;-0.040248;,
  -0.025819;0.443389;-0.040248;,
  -0.014759;0.439948;-0.044948;,
  -0.014759;0.439948;-0.044948;,
  -0.014759;0.439948;-0.044948;,
  -0.022591;0.367246;-0.074958;,
  -0.022591;0.367246;-0.074958;,
  -0.022591;0.367246;-0.074958;,
  -0.037538;0.361501;-0.057933;,
  -0.037538;0.361501;-0.057933;,
  -0.014395;0.477341;-0.042078;,
  -0.014395;0.477341;-0.042078;,
  -0.014395;0.477341;-0.042078;,
  -0.059275;0.489025;-0.027079;,
  -0.075847;0.446901;-0.022468;,
  -0.075847;0.446901;-0.022468;,
  0.034640;0.540773;-0.046508;,
  0.064626;0.502478;-0.024128;,
  0.064626;0.502478;-0.024128;,
  0.031755;0.495912;-0.032002;,
  -0.014521;0.539086;-0.048952;,
  0.042743;0.598133;-0.042482;,
  0.042743;0.598133;-0.042482;,
  0.069214;0.548633;-0.020131;,
  0.034640;0.540773;-0.046508;,
  0.034640;0.540773;-0.046508;,
  -0.014521;0.539086;-0.048952;,
  -0.012647;0.594759;-0.047188;,
  -0.012647;0.594759;-0.047188;,
  -0.012647;0.594759;-0.047188;,
  -0.057361;0.542103;-0.038674;,
  -0.059275;0.489025;-0.027079;,
  -0.059275;0.489025;-0.027079;,
  -0.090136;0.498908;-0.013978;,
  -0.090136;0.498908;-0.013978;,
  -0.096845;0.523547;0.000478;,
  -0.014521;0.539086;-0.048952;,
  -0.066833;0.600762;-0.037360;,
  -0.066833;0.600762;-0.037360;,
  -0.057361;0.542103;-0.038674;,
  -0.057361;0.542103;-0.038674;,
  -0.093092;0.550979;-0.006132;;
  140;
  3;172,181,175;,
  3;180,171,185;,
  3;188,6,5;,
  3;6,187,190;,
  3;189,179,191;,
  3;178,7,186;,
  3;177,4,174;,
  3;184,192,176;,
  3;9,8,2;,
  3;173,197,170;,
  3;196,1,11;,
  3;199,183,169;,
  3;182,198,201;,
  3;200,204,3;,
  3;203,13,205;,
  3;202,209,207;,
  3;208,14,15;,
  3;206,210,18;,
  3;19,16,17;,
  3;168,213,12;,
  3;212,0,195;,
  3;215,222,220;,
  3;221,214,24;,
  3;219,223,21;,
  3;228,238,232;,
  3;237,227,241;,
  3;244,32,31;,
  3;32,243,33;,
  3;31,236,242;,
  3;235,31,245;,
  3;234,240,30;,
  3;231,233,246;,
  3;35,28,34;,
  3;239,194,11;,
  3;193,29,226;,
  3;248,230,250;,
  3;229,247,225;,
  3;249,254,251;,
  3;253,37,27;,
  3;252,256,38;,
  3;255,39,258;,
  3;257,259,40;,
  3;42,41,43;,
  3;211,224,36;,
  3;26,20,10;,
  3;264,269,266;,
  3;268,263,272;,
  3;48,262,273;,
  3;49,261,275;,
  3;260,48,271;,
  3;265,274,44;,
  3;50,45,51;,
  3;48,218,270;,
  3;217,48,25;,
  3;267,216,23;,
  3;22,46,47;,
  3;276,280,278;,
  3;279,52,55;,
  3;277,284,282;,
  3;283,53,54;,
  3;281,285,58;,
  3;59,56,57;,
  3;286,290,288;,
  3;289,60,63;,
  3;287,294,292;,
  3;293,61,62;,
  3;291,295,66;,
  3;67,64,65;,
  3;297,301,299;,
  3;300,296,303;,
  3;298,304,72;,
  3;73,69,70;,
  3;305,309,307;,
  3;308,74,77;,
  3;306,313,311;,
  3;312,75,76;,
  3;310,314,80;,
  3;81,78,79;,
  3;315,319,317;,
  3;318,82,85;,
  3;316,323,321;,
  3;322,83,84;,
  3;320,327,325;,
  3;326,86,87;,
  3;324,91,90;,
  3;91,88,89;,
  3;92,328,93;,
  3;94,92,95;,
  3;329,332,331;,
  3;98,96,99;,
  3;330,336,334;,
  3;335,97,102;,
  3;333,337,103;,
  3;104,100,101;,
  3;338,302,68;,
  3;71,105,106;,
  3;341,109,343;,
  3;109,340,110;,
  3;342,345,339;,
  3;344,108,112;,
  3;111,113,107;,
  3;347,349,115;,
  3;348,346,354;,
  3;353,114,355;,
  3;358,121,120;,
  3;121,357,122;,
  3;122,360,123;,
  3;359,122,356;,
  3;124,119,125;,
  3;365,371,368;,
  3;370,364,373;,
  3;376,377,363;,
  3;131,379,362;,
  3;361,367,375;,
  3;372,378,133;,
  3;132,129,126;,
  3;374,366,352;,
  3;351,118,130;,
  3;369,350,127;,
  3;117,128,116;,
  3;380,382,135;,
  3;381,134,137;,
  3;138,140,139;,
  3;141,136,142;,
  3;383,384,144;,
  3;145,143,146;,
  3;386,387,148;,
  3;149,385,389;,
  3;388,393,390;,
  3;392,150,147;,
  3;394,397,396;,
  3;155,153,156;,
  3;157,399,398;,
  3;159,160,158;,
  3;395,400,161;,
  3;162,154,163;,
  3;402,405,404;,
  3;166,401,167;,
  3;391,403,151;,
  3;165,152,164;;

  MeshNormals {
   406;
   0.320693;-0.045205;-0.946104;,
   0.197406;-0.040156;-0.979499;,
   0.574179;0.094412;-0.813268;,
   0.772473;-0.042997;-0.633590;,
   0.412963;0.403259;-0.816605;,
   0.418359;0.429860;-0.800122;,
   0.690758;0.342367;-0.636898;,
   0.708354;0.283613;-0.646373;,
   0.750746;0.144296;-0.644639;,
   0.726439;0.075338;-0.683089;,
   -0.077358;-0.077374;-0.993997;,
   -0.058596;-0.065970;-0.996100;,
   0.460151;-0.168777;-0.871651;,
   0.869613;-0.157266;-0.468018;,
   0.910755;-0.027823;0.412008;,
   0.956643;-0.072164;0.282181;,
   0.369417;0.069761;0.926642;,
   0.427098;0.048597;0.902899;,
   0.085594;0.071281;0.993777;,
   0.050274;0.055267;0.997205;,
   -0.048520;-0.147791;-0.987828;,
   0.412963;0.403259;-0.816605;,
   -0.044131;0.420314;-0.906305;,
   -0.063733;0.422452;-0.904142;,
   0.418359;0.429860;-0.800122;,
   0.197406;-0.040156;-0.979499;,
   -0.455242;-0.014142;-0.890255;,
   -0.862870;-0.013822;-0.505238;,
   -0.719419;0.026524;-0.694070;,
   -0.405595;-0.005898;-0.914034;,
   -0.578280;-0.048988;-0.814366;,
   -0.817656;-0.050334;-0.573502;,
   -0.808002;-0.031419;-0.588341;,
   -0.572732;-0.045116;-0.818500;,
   -0.844212;-0.051899;-0.533491;,
   -0.830685;0.080577;-0.550882;,
   -0.544168;-0.151787;-0.825132;,
   -0.911705;-0.123778;-0.391756;,
   -0.915324;-0.029531;0.401633;,
   -0.826786;0.002795;0.562510;,
   -0.310240;0.067584;0.948253;,
   -0.199760;0.080124;0.976564;,
   0.050274;0.055267;0.997205;,
   0.085594;0.071281;0.993777;,
   -0.440172;0.162550;-0.883078;,
   -0.404589;0.093280;-0.909729;,
   -0.353067;0.281917;-0.892114;,
   -0.270053;0.203468;-0.941102;,
   -0.058596;-0.065970;-0.996100;,
   -0.405595;-0.005898;-0.914034;,
   -0.578280;-0.048988;-0.814366;,
   -0.572732;-0.045116;-0.818500;,
   -0.429296;0.891256;0.146178;,
   -0.309208;0.937351;0.160510;,
   -0.244958;0.955083;0.166769;,
   -0.429935;0.890801;0.147070;,
   -0.057660;0.981710;0.181440;,
   -0.054797;0.981986;0.180832;,
   0.038472;0.981394;0.188110;,
   0.037744;0.981570;0.187337;,
   0.038472;0.981394;0.188110;,
   0.132231;0.976474;0.170332;,
   0.126910;0.977362;0.169286;,
   0.037744;0.981570;0.187337;,
   0.354933;0.926665;0.123749;,
   0.299056;0.945220;0.130861;,
   0.460984;0.880373;0.111525;,
   0.460286;0.880992;0.109501;,
   0.214767;-0.967059;0.136646;,
   0.031020;-0.991265;0.128188;,
   0.030874;-0.990825;0.131580;,
   0.149132;-0.979395;0.136179;,
   -0.003964;-0.991856;0.127305;,
   -0.003839;-0.991644;0.128947;,
   -0.003964;-0.991856;0.127305;,
   -0.038171;-0.990191;0.134409;,
   -0.037732;-0.989751;0.137727;,
   -0.003839;-0.991644;0.128947;,
   -0.232081;-0.957143;0.173247;,
   -0.160832;-0.973598;0.161988;,
   -0.370744;-0.910240;0.184422;,
   -0.371350;-0.910683;0.180984;,
   -0.906059;0.242605;0.346700;,
   -0.886140;0.277029;0.371497;,
   -0.888153;0.271780;0.370566;,
   -0.906198;0.241816;0.346888;,
   -0.871954;0.165849;0.460641;,
   -0.873007;0.155296;0.462323;,
   -0.845410;0.046699;0.532073;,
   -0.844810;0.041699;0.533439;,
   -0.819125;0.015421;0.573408;,
   -0.818995;0.015302;0.573597;,
   0.906742;-0.216066;0.362126;,
   0.919131;-0.156921;0.361350;,
   0.917812;-0.166869;0.360244;,
   0.906648;-0.216274;0.362237;,
   -0.101822;0.287000;-0.952504;,
   0.956860;0.054746;0.285346;,
   0.949796;-0.018263;0.312337;,
   0.167626;0.390041;-0.905411;,
   0.945138;0.253383;0.206183;,
   0.946487;0.248431;0.206022;,
   -0.100653;0.080843;-0.991632;,
   0.950581;0.243725;0.192340;,
   0.950573;0.242570;0.193834;,
   0.342487;-0.930861;0.127280;,
   -0.271594;-0.136591;-0.952670;,
   -0.417615;-0.292223;0.860351;,
   -0.733625;-0.248812;0.632366;,
   -0.690758;-0.342367;0.636898;,
   -0.418357;-0.429871;0.800115;,
   -0.562105;-0.079411;0.823244;,
   -0.746506;-0.063043;0.662385;,
   -0.206664;-0.174015;0.962813;,
   -0.417615;-0.292223;0.860351;,
   -0.418357;-0.429871;0.800115;,
   0.047274;-0.285744;0.957139;,
   0.001946;-0.343749;0.939059;,
   -0.206664;-0.174015;0.962813;,
   0.559507;0.040918;0.827815;,
   0.572732;0.045115;0.818500;,
   0.838628;0.033779;0.543656;,
   0.812365;0.057251;0.580332;,
   0.840681;0.111705;0.529885;,
   0.701055;0.063176;0.710303;,
   0.366252;0.019927;0.930303;,
   0.436118;-0.175304;0.882649;,
   0.228961;-0.145650;0.962478;,
   0.241670;-0.262918;0.934061;,
   0.364142;-0.185474;0.912688;,
   0.126189;0.057123;0.990360;,
   0.366252;0.019927;0.930303;,
   0.559507;0.040918;0.827815;,
   0.572732;0.045115;0.818500;,
   -0.421940;0.070408;0.903886;,
   -0.641824;0.075492;0.763127;,
   -0.628856;-0.069840;0.774379;,
   -0.527461;-0.074471;0.846309;,
   -0.662175;0.064100;0.746602;,
   -0.782882;-0.001239;0.622169;,
   -0.650885;-0.073518;0.755608;,
   -0.785984;0.002339;0.618243;,
   -0.799051;-0.142548;0.584121;,
   -0.321604;-0.036532;0.946169;,
   0.132072;0.166698;0.977123;,
   0.082607;0.124163;0.988817;,
   -0.357288;0.105684;0.927996;,
   -0.471152;0.082719;0.878165;,
   -0.773427;0.085906;0.628038;,
   -0.719019;0.062625;0.692163;,
   -0.370149;0.057785;0.927174;,
   0.080046;0.044769;0.995785;,
   0.056550;0.061049;0.996532;,
   0.485174;0.095392;0.869199;,
   0.442537;0.060498;0.894707;,
   0.748545;0.038131;0.661987;,
   0.757470;0.060479;0.650063;,
   0.822077;0.061747;0.566018;,
   0.892676;-0.004353;0.450678;,
   0.904778;0.003853;0.425867;,
   0.884957;-0.012946;0.465492;,
   0.438070;0.108628;0.892354;,
   0.166810;0.094487;0.981451;,
   0.372389;0.158039;0.914522;,
   0.540879;0.075184;0.837733;,
   0.491838;0.063815;0.868345;,
   0.794748;0.075644;0.602207;,
   0.800341;0.078081;0.594438;,
   0.320693;-0.045205;-0.946104;,
   0.320693;-0.045205;-0.946104;,
   0.320693;-0.045205;-0.946104;,
   0.320693;-0.045205;-0.946104;,
   0.320693;-0.045205;-0.946104;,
   0.197406;-0.040156;-0.979499;,
   0.197406;-0.040156;-0.979499;,
   0.197406;-0.040156;-0.979499;,
   0.574179;0.094412;-0.813268;,
   0.574179;0.094412;-0.813268;,
   0.574179;0.094412;-0.813268;,
   0.574179;0.094412;-0.813268;,
   0.574179;0.094412;-0.813268;,
   0.574179;0.094412;-0.813268;,
   0.772473;-0.042997;-0.633590;,
   0.772473;-0.042997;-0.633590;,
   0.772473;-0.042997;-0.633590;,
   0.772473;-0.042997;-0.633590;,
   0.412963;0.403259;-0.816605;,
   0.412963;0.403259;-0.816605;,
   0.412963;0.403259;-0.816605;,
   0.708354;0.283613;-0.646373;,
   0.708354;0.283613;-0.646373;,
   0.750746;0.144296;-0.644639;,
   0.726439;0.075338;-0.683089;,
   -0.077358;-0.077374;-0.993997;,
   -0.077358;-0.077374;-0.993997;,
   -0.077358;-0.077374;-0.993997;,
   -0.077358;-0.077374;-0.993997;,
   -0.077358;-0.077374;-0.993997;,
   0.460151;-0.168777;-0.871651;,
   0.460151;-0.168777;-0.871651;,
   0.869613;-0.157266;-0.468018;,
   0.869613;-0.157266;-0.468018;,
   0.910755;-0.027823;0.412008;,
   0.910755;-0.027823;0.412008;,
   0.910755;-0.027823;0.412008;,
   0.956643;-0.072164;0.282181;,
   0.369417;0.069761;0.926642;,
   0.369417;0.069761;0.926642;,
   0.427098;0.048597;0.902899;,
   0.427098;0.048597;0.902899;,
   0.050274;0.055267;0.997205;,
   -0.048520;-0.147791;-0.987828;,
   -0.048520;-0.147791;-0.987828;,
   -0.048520;-0.147791;-0.987828;,
   0.412963;0.403259;-0.816605;,
   0.412963;0.403259;-0.816605;,
   -0.044131;0.420314;-0.906305;,
   -0.044131;0.420314;-0.906305;,
   -0.044131;0.420314;-0.906305;,
   -0.044131;0.420314;-0.906305;,
   -0.044131;0.420314;-0.906305;,
   -0.063733;0.422452;-0.904142;,
   -0.063733;0.422452;-0.904142;,
   0.197406;-0.040156;-0.979499;,
   -0.455242;-0.014142;-0.890255;,
   -0.455242;-0.014142;-0.890255;,
   -0.455242;-0.014142;-0.890255;,
   -0.455242;-0.014142;-0.890255;,
   -0.455242;-0.014142;-0.890255;,
   -0.862870;-0.013822;-0.505238;,
   -0.862870;-0.013822;-0.505238;,
   -0.862870;-0.013822;-0.505238;,
   -0.862870;-0.013822;-0.505238;,
   -0.719419;0.026524;-0.694070;,
   -0.719419;0.026524;-0.694070;,
   -0.719419;0.026524;-0.694070;,
   -0.719419;0.026524;-0.694070;,
   -0.719419;0.026524;-0.694070;,
   -0.719419;0.026524;-0.694070;,
   -0.405595;-0.005898;-0.914034;,
   -0.405595;-0.005898;-0.914034;,
   -0.405595;-0.005898;-0.914034;,
   -0.578280;-0.048988;-0.814366;,
   -0.578280;-0.048988;-0.814366;,
   -0.578280;-0.048988;-0.814366;,
   -0.844212;-0.051899;-0.533491;,
   -0.830685;0.080577;-0.550882;,
   -0.544168;-0.151787;-0.825132;,
   -0.544168;-0.151787;-0.825132;,
   -0.911705;-0.123778;-0.391756;,
   -0.911705;-0.123778;-0.391756;,
   -0.915324;-0.029531;0.401633;,
   -0.826786;0.002795;0.562510;,
   -0.826786;0.002795;0.562510;,
   -0.826786;0.002795;0.562510;,
   -0.310240;0.067584;0.948253;,
   -0.310240;0.067584;0.948253;,
   -0.199760;0.080124;0.976564;,
   -0.199760;0.080124;0.976564;,
   0.050274;0.055267;0.997205;,
   -0.440172;0.162550;-0.883078;,
   -0.440172;0.162550;-0.883078;,
   -0.440172;0.162550;-0.883078;,
   -0.440172;0.162550;-0.883078;,
   -0.440172;0.162550;-0.883078;,
   -0.404589;0.093280;-0.909729;,
   -0.404589;0.093280;-0.909729;,
   -0.353067;0.281917;-0.892114;,
   -0.353067;0.281917;-0.892114;,
   -0.353067;0.281917;-0.892114;,
   -0.270053;0.203468;-0.941102;,
   -0.270053;0.203468;-0.941102;,
   -0.270053;0.203468;-0.941102;,
   -0.405595;-0.005898;-0.914034;,
   -0.578280;-0.048988;-0.814366;,
   -0.578280;-0.048988;-0.814366;,
   -0.429296;0.891256;0.146178;,
   -0.309208;0.937351;0.160510;,
   -0.309208;0.937351;0.160510;,
   -0.244958;0.955083;0.166769;,
   -0.244958;0.955083;0.166769;,
   -0.057660;0.981710;0.181440;,
   -0.057660;0.981710;0.181440;,
   -0.054797;0.981986;0.180832;,
   -0.054797;0.981986;0.180832;,
   0.037744;0.981570;0.187337;,
   0.038472;0.981394;0.188110;,
   0.132231;0.976474;0.170332;,
   0.132231;0.976474;0.170332;,
   0.126910;0.977362;0.169286;,
   0.126910;0.977362;0.169286;,
   0.354933;0.926665;0.123749;,
   0.354933;0.926665;0.123749;,
   0.299056;0.945220;0.130861;,
   0.299056;0.945220;0.130861;,
   0.460286;0.880992;0.109501;,
   0.214767;-0.967059;0.136646;,
   0.214767;-0.967059;0.136646;,
   0.031020;-0.991265;0.128188;,
   0.031020;-0.991265;0.128188;,
   0.030874;-0.990825;0.131580;,
   0.030874;-0.990825;0.131580;,
   0.149132;-0.979395;0.136179;,
   0.149132;-0.979395;0.136179;,
   -0.003839;-0.991644;0.128947;,
   -0.003964;-0.991856;0.127305;,
   -0.038171;-0.990191;0.134409;,
   -0.038171;-0.990191;0.134409;,
   -0.037732;-0.989751;0.137727;,
   -0.037732;-0.989751;0.137727;,
   -0.232081;-0.957143;0.173247;,
   -0.232081;-0.957143;0.173247;,
   -0.160832;-0.973598;0.161988;,
   -0.160832;-0.973598;0.161988;,
   -0.371350;-0.910683;0.180984;,
   -0.906059;0.242605;0.346700;,
   -0.886140;0.277029;0.371497;,
   -0.886140;0.277029;0.371497;,
   -0.888153;0.271780;0.370566;,
   -0.888153;0.271780;0.370566;,
   -0.871954;0.165849;0.460641;,
   -0.871954;0.165849;0.460641;,
   -0.873007;0.155296;0.462323;,
   -0.873007;0.155296;0.462323;,
   -0.845410;0.046699;0.532073;,
   -0.845410;0.046699;0.532073;,
   -0.844810;0.041699;0.533439;,
   -0.844810;0.041699;0.533439;,
   0.917812;-0.166869;0.360244;,
   -0.101822;0.287000;-0.952504;,
   0.956860;0.054746;0.285346;,
   0.956860;0.054746;0.285346;,
   0.949796;-0.018263;0.312337;,
   0.945138;0.253383;0.206183;,
   0.945138;0.253383;0.206183;,
   0.946487;0.248431;0.206022;,
   0.946487;0.248431;0.206022;,
   0.950573;0.242570;0.193834;,
   0.342487;-0.930861;0.127280;,
   -0.417615;-0.292223;0.860351;,
   -0.417615;-0.292223;0.860351;,
   -0.417615;-0.292223;0.860351;,
   -0.733625;-0.248812;0.632366;,
   -0.733625;-0.248812;0.632366;,
   -0.562105;-0.079411;0.823244;,
   -0.562105;-0.079411;0.823244;,
   -0.417615;-0.292223;0.860351;,
   -0.417615;-0.292223;0.860351;,
   0.047274;-0.285744;0.957139;,
   0.047274;-0.285744;0.957139;,
   0.001946;-0.343749;0.939059;,
   0.001946;-0.343749;0.939059;,
   0.001946;-0.343749;0.939059;,
   0.001946;-0.343749;0.939059;,
   0.001946;-0.343749;0.939059;,
   -0.206664;-0.174015;0.962813;,
   0.559507;0.040918;0.827815;,
   0.559507;0.040918;0.827815;,
   0.559507;0.040918;0.827815;,
   0.701055;0.063176;0.710303;,
   0.701055;0.063176;0.710303;,
   0.436118;-0.175304;0.882649;,
   0.436118;-0.175304;0.882649;,
   0.436118;-0.175304;0.882649;,
   0.436118;-0.175304;0.882649;,
   0.436118;-0.175304;0.882649;,
   0.228961;-0.145650;0.962478;,
   0.228961;-0.145650;0.962478;,
   0.228961;-0.145650;0.962478;,
   0.241670;-0.262918;0.934061;,
   0.241670;-0.262918;0.934061;,
   0.241670;-0.262918;0.934061;,
   0.364142;-0.185474;0.912688;,
   0.364142;-0.185474;0.912688;,
   0.126189;0.057123;0.990360;,
   0.126189;0.057123;0.990360;,
   0.126189;0.057123;0.990360;,
   0.366252;0.019927;0.930303;,
   0.559507;0.040918;0.827815;,
   0.559507;0.040918;0.827815;,
   -0.421940;0.070408;0.903886;,
   -0.628856;-0.069840;0.774379;,
   -0.628856;-0.069840;0.774379;,
   -0.321604;-0.036532;0.946169;,
   0.082607;0.124163;0.988817;,
   -0.471152;0.082719;0.878165;,
   -0.471152;0.082719;0.878165;,
   -0.719019;0.062625;0.692163;,
   -0.370149;0.057785;0.927174;,
   -0.370149;0.057785;0.927174;,
   0.080046;0.044769;0.995785;,
   0.056550;0.061049;0.996532;,
   0.056550;0.061049;0.996532;,
   0.056550;0.061049;0.996532;,
   0.485174;0.095392;0.869199;,
   0.442537;0.060498;0.894707;,
   0.442537;0.060498;0.894707;,
   0.748545;0.038131;0.661987;,
   0.892676;-0.004353;0.450678;,
   0.904778;0.003853;0.425867;,
   0.166810;0.094487;0.981451;,
   0.540879;0.075184;0.837733;,
   0.540879;0.075184;0.837733;,
   0.491838;0.063815;0.868345;,
   0.491838;0.063815;0.868345;,
   0.794748;0.075644;0.602207;;
   140;
   3;172,181,175;,
   3;180,171,185;,
   3;188,6,5;,
   3;6,187,190;,
   3;189,179,191;,
   3;178,7,186;,
   3;177,4,174;,
   3;184,192,176;,
   3;9,8,2;,
   3;173,197,170;,
   3;196,1,11;,
   3;199,183,169;,
   3;182,198,201;,
   3;200,204,3;,
   3;203,13,205;,
   3;202,209,207;,
   3;208,14,15;,
   3;206,210,18;,
   3;19,16,17;,
   3;168,213,12;,
   3;212,0,195;,
   3;215,222,220;,
   3;221,214,24;,
   3;219,223,21;,
   3;228,238,232;,
   3;237,227,241;,
   3;244,32,31;,
   3;32,243,33;,
   3;31,236,242;,
   3;235,31,245;,
   3;234,240,30;,
   3;231,233,246;,
   3;35,28,34;,
   3;239,194,11;,
   3;193,29,226;,
   3;248,230,250;,
   3;229,247,225;,
   3;249,254,251;,
   3;253,37,27;,
   3;252,256,38;,
   3;255,39,258;,
   3;257,259,40;,
   3;42,41,43;,
   3;211,224,36;,
   3;26,20,10;,
   3;264,269,266;,
   3;268,263,272;,
   3;48,262,273;,
   3;49,261,275;,
   3;260,48,271;,
   3;265,274,44;,
   3;50,45,51;,
   3;48,218,270;,
   3;217,48,25;,
   3;267,216,23;,
   3;22,46,47;,
   3;276,280,278;,
   3;279,52,55;,
   3;277,284,282;,
   3;283,53,54;,
   3;281,285,58;,
   3;59,56,57;,
   3;286,290,288;,
   3;289,60,63;,
   3;287,294,292;,
   3;293,61,62;,
   3;291,295,66;,
   3;67,64,65;,
   3;297,301,299;,
   3;300,296,303;,
   3;298,304,72;,
   3;73,69,70;,
   3;305,309,307;,
   3;308,74,77;,
   3;306,313,311;,
   3;312,75,76;,
   3;310,314,80;,
   3;81,78,79;,
   3;315,319,317;,
   3;318,82,85;,
   3;316,323,321;,
   3;322,83,84;,
   3;320,327,325;,
   3;326,86,87;,
   3;324,91,90;,
   3;91,88,89;,
   3;92,328,93;,
   3;94,92,95;,
   3;329,332,331;,
   3;98,96,99;,
   3;330,336,334;,
   3;335,97,102;,
