xof 0303txt 0032
template XSkinMeshHeader {
 <3cf169ce-ff7c-44ab-93c0-f78f62d172e2>
 WORD nMaxSkinWeightsPerVertex;
 WORD nMaxSkinWeightsPerFace;
 WORD nBones;
}

template VertexDuplicationIndices {
 <b8d65549-d7c9-4995-89cf-53a9a8b031e3>
 DWORD nIndices;
 DWORD nOriginalVertices;
 array DWORD indices[nIndices];
}

template SkinWeights {
 <6f0d123b-bad2-4167-a0d0-80224f25fabb>
 STRING transformNodeName;
 DWORD nWeights;
 array DWORD vertexIndices[nWeights];
 array FLOAT weights[nWeights];
 Matrix4x4 matrixOffset;
}

template AnimTicksPerSecond {
 <9e415a43-7ba6-4a73-8743-b73d47e88476>
 DWORD AnimTicksPerSecond;
}

template VertexElement {
 <f752461c-1e23-48f6-b9f8-8350850f336f>
 DWORD Type;
 DWORD Method;
 DWORD Usage;
 DWORD UsageIndex;
}

template DeclData {
 <bf22e553-292c-4781-9fea-62bd554bdd93>
 DWORD nElements;
 array VertexElement Elements[nElements];
 DWORD nDWords;
 array DWORD data[nDWords];
}


AnimTicksPerSecond {
 4800;
}

Frame Dummy01 {
 

 FrameTransformMatrix {
  1.000000,0.000000,0.000000,0.000000,0.000000,-0.000000,-1.000000,0.000000,0.000000,1.000000,-0.000000,0.000000,0.000000,0.000000,0.000000,1.000000;;
 }

 Frame Bip01 {
  

  FrameTransformMatrix {
   -0.087155,0.982405,-0.165183,0.000000,-0.000001,0.165814,0.986157,0.000000,0.996195,0.085949,-0.014450,0.000000,-0.010000,-0.012284,0.490453,1.000000;;
  }

  Frame Bip01_Pelvis {
   

   FrameTransformMatrix {
    0.000000,1.000000,-0.000001,0.000000,-0.000001,0.000001,1.000000,0.000000,1.000000,0.000000,0.000001,0.000000,0.000000,0.000000,0.000000,1.000000;;
   }

   Frame Bip01_Spine {
    

    FrameTransformMatrix {
     0.984686,0.000002,-0.174337,0.000000,-0.000001,1.000000,0.000004,0.000000,0.174337,-0.000004,0.984686,0.000000,0.051619,0.000000,-0.000083,1.000000;;
    }

    Frame Bip01_Spine1 {
     

     FrameTransformMatrix {
      0.997819,0.052687,0.039774,0.000000,-0.044862,0.983198,-0.176942,0.000000,-0.048428,0.174771,0.983417,0.000000,0.106484,-0.000015,-0.000083,1.000000;;
     }

     Frame Bip01_Neck {
      

      FrameTransformMatrix {
       0.966067,-0.020835,0.257451,0.000000,0.025191,0.999590,-0.013632,0.000000,-0.257061,0.019655,0.966195,0.000000,0.130511,-0.000001,0.004626,1.000000;;
      }

      Frame Bip01_Head {
       

       FrameTransformMatrix {
        0.989321,-0.051753,-0.136255,0.000000,0.064251,0.993958,0.088989,0.000000,0.130826,-0.096793,0.986669,0.000000,0.033674,-0.000000,0.000000,1.000000;;
       }
      }

      Frame Bip01_L_Clavicle {
       

       FrameTransformMatrix {
        -0.205975,0.976135,0.068811,0.000000,0.943873,0.216738,-0.249254,0.000000,-0.258220,0.013609,-0.965990,0.000000,-0.024734,0.015166,0.002017,1.000000;;
       }

       Frame Bip01_L_UpperArm {
        

        FrameTransformMatrix {
         0.385871,-0.777669,0.496320,0.000000,0.922466,0.332598,-0.196046,0.000000,-0.012616,0.533487,0.845714,0.000000,0.073469,0.000000,-0.000000,1.000000;;
        }

        Frame Bip01_L_Forearm {
         

         FrameTransformMatrix {
          0.943939,0.000000,-0.330119,0.000000,0.000000,1.000000,-0.000000,0.000000,0.330119,-0.000000,0.943939,0.000000,0.148340,0.000000,-0.000000,1.000000;;
         }

         Frame Bip01_L_Hand {
          

          FrameTransformMatrix {
           1.000000,-0.000000,0.000000,0.000000,0.000000,0.000796,1.000000,0.000000,0.000000,-1.000000,0.000796,0.000000,0.131860,-0.000000,0.000000,1.000000;;
          }

          Frame Bip01_L_Finger0 {
           

           FrameTransformMatrix {
            0.690342,-0.181727,0.700288,0.000000,0.558537,0.749101,-0.356210,0.000000,-0.459853,0.637043,0.618637,0.000000,0.057681,-0.023605,-0.000272,1.000000;;
           }
          }

          Frame Bip01_L_Finger1 {
           

           FrameTransformMatrix {
            0.728079,-0.000546,0.685493,0.000000,0.000000,1.000000,0.000796,0.000000,-0.685493,-0.000580,0.728079,0.000000,0.084102,0.000000,0.000000,1.000000;;
           }
          }
         }
        }
       }
      }

      Frame Bip01_R_Clavicle {
       

       FrameTransformMatrix {
        -0.028509,-0.999573,-0.006461,0.000000,-0.965665,0.025871,0.258498,0.000000,-0.258220,0.013609,-0.965990,0.000000,-0.024080,-0.016250,0.001399,1.000000;;
       }

       Frame Bip01_R_UpperArm {
        

        FrameTransformMatrix {
         0.221390,0.975047,0.016433,0.000000,-0.974986,0.221654,-0.016512,0.000000,-0.019742,-0.012366,0.999728,0.000000,0.073469,0.000000,-0.000000,1.000000;;
        }

        Frame Bip01_R_Forearm {
         

         FrameTransformMatrix {
          0.915660,-0.000000,-0.401954,0.000000,-0.000000,1.000000,-0.000000,0.000000,0.401954,-0.000000,0.915660,0.000000,0.148340,0.000000,-0.000000,1.000000;;
         }

         Frame Bip01_R_Hand {
          

          FrameTransformMatrix {
           0.975195,-0.000000,-0.221346,0.000000,-0.221346,0.000796,-0.975195,0.000000,0.000176,1.000000,0.000777,0.000000,0.131860,0.000000,0.000000,1.000000;;
          }

          Frame Bip01_R_Finger0 {
           

           FrameTransformMatrix {
            0.417774,-0.116941,0.900994,0.000000,-0.558537,0.749101,0.356210,0.000000,-0.716591,-0.652054,0.247639,0.000000,0.057681,0.023605,-0.000272,1.000000;;
           }
          }

          Frame Bip01_R_Finger1 {
           

           FrameTransformMatrix {
            0.352436,0.000745,0.935835,0.000000,-0.000000,1.000000,-0.000796,0.000000,-0.935836,0.000281,0.352436,0.000000,0.084102,-0.000000,0.000000,1.000000;;
           }
          }
         }
        }
       }
      }
     }

     Frame Bip01_BackPack {
      

      FrameTransformMatrix {
       0.180560,0.080500,-0.980264,0.000000,0.047560,0.994764,0.090451,0.000000,0.982413,-0.062954,0.175786,0.000000,0.063697,0.000003,-0.088856,1.000000;;
      }
     }
    }

    Frame Bip01_L_Thigh {
     

     FrameTransformMatrix {
      -0.888504,0.030427,0.457858,0.000000,-0.032107,-0.999476,0.004114,0.000000,0.457744,-0.011045,0.889016,0.000000,-0.050843,0.055225,-0.008917,1.000000;;
     }

     Frame Bip01_L_Calf {
      

      FrameTransformMatrix {
       0.942235,-0.000000,-0.334952,0.000000,-0.000000,1.000000,-0.000000,0.000000,0.334952,-0.000000,0.942235,0.000000,0.237500,0.000000,-0.000000,1.000000;;
      }

      Frame Bip01_L_Foot {
       

       FrameTransformMatrix {
        0.924325,-0.026487,0.380687,0.000000,-0.068962,0.969570,0.234901,0.000000,-0.375325,-0.243378,0.894371,0.000000,0.206841,0.000000,0.000000,1.000000;;
       }

       Frame Bip01_L_Toe0 {
        

        FrameTransformMatrix {
         0.000000,0.000000,1.000000,0.000000,0.000000,1.000000,-0.000000,0.000000,-1.000000,0.000000,0.000000,0.000000,0.065373,0.000000,0.066450,1.000000;;
        }
       }
      }
     }
    }

    Frame Bip01_R_Thigh {
     

     FrameTransformMatrix {
      -0.996965,0.030321,-0.071704,0.000000,-0.029454,-0.999480,-0.013113,0.000000,-0.072065,-0.010961,0.997340,0.000000,-0.050843,-0.055225,-0.008917,1.000000;;
     }

     Frame Bip01_R_Calf {
      

      FrameTransformMatrix {
       0.730239,0.000000,-0.683192,0.000000,0.000000,1.000000,0.000000,0.000000,0.683192,0.000000,0.730239,0.000000,0.237500,0.000000,0.000000,1.000000;;
      }

      Frame Bip01_R_Foot {
       

       FrameTransformMatrix {
        0.991957,0.087165,-0.091782,0.000000,-0.093276,0.993546,-0.064539,0.000000,0.085565,0.072581,0.993685,0.000000,0.206841,0.000000,0.000000,1.000000;;
       }

       Frame Bip01_R_Toe0 {
        

        FrameTransformMatrix {
         0.000000,0.000000,1.000000,0.000000,0.000000,1.000000,-0.000000,0.000000,-1.000000,0.000000,0.000000,0.000000,0.065373,0.000000,0.066450,1.000000;;
        }
       }
      }
     }
    }
   }

   Frame Bip01_DressFront {
    

    FrameTransformMatrix {
     -0.880185,-0.088339,0.466338,0.000000,0.121847,0.907542,0.401896,0.000000,-0.458725,0.410564,-0.788041,0.000000,-0.043935,0.001339,0.061057,1.000000;;
    }

    Frame Bip01_DressFront02 {
     

     FrameTransformMatrix {
      0.912593,0.000001,0.408870,0.000000,-0.000001,1.000000,-0.000000,0.000000,-0.408870,-0.000000,0.912593,0.000000,0.183378,-0.000000,-0.000120,1.000000;;
     }
    }
   }

   Frame Bip01_DressBack {
    

    FrameTransformMatrix {
     -0.886023,0.038029,0.462080,0.000000,0.191625,0.937561,0.290274,0.000000,-0.422190,0.345735,-0.837988,0.000000,-0.047673,-0.000048,-0.078302,1.000000;;
    }

    Frame Bip01_DressBack02 {
     

     FrameTransformMatrix {
      0.936852,0.174932,-0.302833,0.000000,-0.166408,0.984581,0.053939,0.000000,0.307600,-0.000139,0.951516,0.000000,0.176125,0.000000,-0.000103,1.000000;;
     }
    }
   }
  }

  Frame Bip01_Prop1 {
   

   FrameTransformMatrix {
    -0.233929,-0.108090,0.966227,0.000000,0.687222,0.684611,0.242967,0.000000,-0.687752,0.720849,-0.085868,0.000000,0.072994,-0.055506,-0.134034,1.000000;;
   }
  }

  Frame Bip01_Prop2 {
   

   FrameTransformMatrix {
    -0.163643,-0.967062,0.194966,0.000000,0.985576,-0.168906,-0.010564,0.000000,0.043147,0.190425,0.980753,0.000000,-0.140709,-0.103585,0.102365,1.000000;;
   }
  }
 }
}

Frame Translation_Data {
 

 FrameTransformMatrix {
  1.000000,0.000000,0.000000,0.000000,0.000000,-0.000000,-1.000000,0.000000,0.000000,1.000000,-0.000000,0.000000,0.000000,0.000000,0.000000,1.000000;;
 }
}

Frame Kate_AmmoStrap {
 

 FrameTransformMatrix {
  1.000000,0.000000,0.000000,0.000000,0.000000,1.000000,0.000000,0.000000,0.000000,0.000000,1.000000,0.000000,0.000000,0.000000,0.000000,1.000000;;
 }

 Mesh Kate_AmmoStrap {
  154;
  0.109070;0.609984;0.000662;,
  0.099799;0.617347;-0.043973;,
  0.100603;0.589023;0.000546;,
  0.078833;0.587166;-0.046933;,
  0.059424;0.639974;-0.075448;,
  0.040445;0.603272;-0.072132;,
  0.031197;0.660271;-0.083323;,
  0.007564;0.628568;-0.074667;,
  -0.023606;0.652062;-0.078230;,
  0.011367;0.677328;-0.082754;,
  -0.047344;0.673997;-0.076857;,
  -0.014159;0.697028;-0.080775;,
  -0.067307;0.701330;-0.064174;,
  -0.033645;0.717291;-0.072133;,
  -0.085357;0.724125;-0.049294;,
  -0.056927;0.744712;-0.054460;,
  -0.097386;0.753858;-0.030173;,
  -0.068297;0.773766;-0.033044;,
  0.100603;0.589023;0.000546;,
  0.078833;0.587166;-0.046933;,
  0.087568;0.594712;0.000020;,
  0.070598;0.595027;-0.027626;,
  0.037090;0.607693;-0.051265;,
  0.040445;0.603272;-0.072132;,
  0.006747;0.630681;-0.054988;,
  0.007564;0.628568;-0.074667;,
  -0.024065;0.654780;-0.058303;,
  -0.023606;0.652062;-0.078230;,
  -0.045570;0.679061;-0.054875;,
  -0.047344;0.673997;-0.076857;,
  -0.064666;0.700446;-0.043646;,
  -0.067307;0.701330;-0.064174;,
  -0.079921;0.724693;-0.030102;,
  -0.085357;0.724125;-0.049294;,
  -0.088707;0.748318;-0.020071;,
  -0.097386;0.753858;-0.030173;,
  0.100286;0.613217;-0.000463;,
  0.087568;0.594712;0.000020;,
  0.091186;0.623770;-0.031593;,
  0.070598;0.595027;-0.027626;,
  0.057556;0.641304;-0.056945;,
  0.037090;0.607693;-0.051265;,
  0.030978;0.662791;-0.065040;,
  0.006747;0.630681;-0.054988;,
  0.009646;0.679068;-0.066279;,
  -0.024065;0.654780;-0.058303;,
  -0.014402;0.699619;-0.060859;,
  -0.045570;0.679061;-0.054875;,
  -0.031079;0.714634;-0.052025;,
  -0.064666;0.700446;-0.043646;,
  -0.050552;0.738991;-0.032235;,
  -0.079921;0.724693;-0.030102;,
  -0.063156;0.760205;-0.021714;,
  -0.088707;0.748318;-0.020071;,
  0.100286;0.613217;-0.000463;,
  0.091186;0.623770;-0.031593;,
  0.109070;0.609984;0.000662;,
  0.099799;0.617347;-0.043973;,
  0.059424;0.639974;-0.075448;,
  0.057556;0.641304;-0.056945;,
  0.031197;0.660271;-0.083323;,
  0.030978;0.662791;-0.065040;,
  0.011367;0.677328;-0.082754;,
  0.009646;0.679068;-0.066279;,
  -0.014159;0.697028;-0.080775;,
  -0.014402;0.699619;-0.060859;,
  -0.033645;0.717291;-0.072133;,
  -0.031079;0.714634;-0.052025;,
  -0.056927;0.744712;-0.054460;,
  -0.050552;0.738991;-0.032235;,
  -0.068297;0.773766;-0.033044;,
  -0.063156;0.760205;-0.021714;,
  0.100286;0.613217;-0.000463;,
  0.109070;0.609984;0.000662;,
  0.096402;0.615482;0.023799;,
  0.109088;0.607283;0.028058;,
  0.092236;0.600014;0.022645;,
  0.096402;0.615482;0.023799;,
  0.099363;0.592704;0.029283;,
  0.092236;0.600014;0.022645;,
  0.109088;0.607283;0.028058;,
  0.099363;0.592704;0.029283;,
  -0.091859;0.788525;0.007505;,
  -0.062058;0.800704;0.007174;,
  -0.089013;0.773668;0.008669;,
  -0.091859;0.788525;0.007505;,
  -0.058789;0.784912;0.007827;,
  -0.089013;0.773668;0.008669;,
  -0.062058;0.800704;0.007174;,
  -0.058789;0.784912;0.007827;,
  -0.091859;0.788525;0.007505;,
  -0.062058;0.800704;0.007174;,
  -0.071600;0.790473;0.042219;,
  -0.046976;0.797944;0.033077;,
  -0.089013;0.773668;0.008669;,
  -0.091859;0.788525;0.007505;,
  -0.070747;0.775682;0.036291;,
  -0.071600;0.790473;0.042219;,
  -0.058789;0.784912;0.007827;,
  -0.089013;0.773668;0.008669;,
  -0.045474;0.780187;0.026221;,
  -0.070747;0.775682;0.036291;,
  -0.062058;0.800704;0.007174;,
  -0.058789;0.784912;0.007827;,
  -0.046976;0.797944;0.033077;,
  -0.045474;0.780187;0.026221;,
  -0.037328;0.767134;0.071911;,
  -0.016426;0.777514;0.066358;,
  -0.034353;0.754574;0.059347;,
  -0.037328;0.767134;0.071911;,
  -0.013130;0.765758;0.051670;,
  -0.034353;0.754574;0.059347;,
  -0.016426;0.777514;0.066358;,
  -0.013130;0.765758;0.051670;,
  0.008328;0.721777;0.087029;,
  0.025222;0.734368;0.078370;,
  0.007121;0.717148;0.071070;,
  0.008328;0.721777;0.087029;,
  0.024073;0.729830;0.062305;,
  0.007121;0.717148;0.071070;,
  0.025222;0.734368;0.078370;,
  0.024073;0.729830;0.062305;,
  0.047831;0.670864;0.079298;,
  0.063467;0.686019;0.074745;,
  0.046520;0.670104;0.063018;,
  0.047831;0.670864;0.079298;,
  0.061006;0.686271;0.058162;,
  0.046520;0.670104;0.063018;,
  0.063467;0.686019;0.074745;,
  0.061006;0.686271;0.058162;,
  0.071624;0.633780;0.072898;,
  0.086652;0.648663;0.068335;,
  0.072837;0.635037;0.057032;,
  0.071624;0.633780;0.072898;,
  0.082710;0.646978;0.052851;,
  0.072837;0.635037;0.057032;,
  0.086652;0.648663;0.068335;,
  0.082710;0.646978;0.052851;,
  0.087634;0.611938;0.058289;,
  0.103553;0.623335;0.053156;,
  0.085006;0.613869;0.047791;,
  0.087634;0.611938;0.058289;,
  0.094366;0.626416;0.040234;,
  0.085006;0.613869;0.047791;,
  0.103553;0.623335;0.053156;,
  0.094366;0.626416;0.040234;,
  0.109088;0.607283;0.028058;,
  0.096402;0.615482;0.023799;,
  0.099363;0.592704;0.029283;,
  0.109088;0.607283;0.028058;,
  0.092236;0.600014;0.022645;,
  0.099363;0.592704;0.029283;,
  0.092236;0.600014;0.022645;,
  0.096402;0.615482;0.023799;;
  136;
  3;0,2,1;,
  3;3,1,2;,
  3;1,3,4;,
  3;5,4,3;,
  3;4,5,6;,
  3;7,6,5;,
  3;7,8,6;,
  3;9,6,8;,
  3;8,10,9;,
  3;11,9,10;,
  3;10,12,11;,
  3;13,11,12;,
  3;12,14,13;,
  3;15,13,14;,
  3;14,16,15;,
  3;17,15,16;,
  3;18,20,19;,
  3;21,19,20;,
  3;21,22,19;,
  3;23,19,22;,
  3;22,24,23;,
  3;25,23,24;,
  3;24,26,25;,
  3;27,25,26;,
  3;26,28,27;,
  3;29,27,28;,
  3;28,30,29;,
  3;31,29,30;,
  3;30,32,31;,
  3;33,31,32;,
  3;32,34,33;,
  3;35,33,34;,
  3;36,38,37;,
  3;39,37,38;,
  3;38,40,39;,
  3;41,39,40;,
  3;40,42,41;,
  3;43,41,42;,
  3;42,44,43;,
  3;45,43,44;,
  3;44,46,45;,
  3;47,45,46;,
  3;46,48,47;,
  3;49,47,48;,
  3;48,50,49;,
  3;51,49,50;,
  3;50,52,51;,
  3;53,51,52;,
  3;54,56,55;,
  3;57,55,56;,
  3;57,58,55;,
  3;59,55,58;,
  3;58,60,59;,
  3;61,59,60;,
  3;60,62,61;,
  3;63,61,62;,
  3;62,64,63;,
  3;65,63,64;,
  3;64,66,65;,
  3;67,65,66;,
  3;66,68,67;,
  3;69,67,68;,
  3;68,70,69;,
  3;71,69,70;,
  3;72,74,73;,
  3;75,73,74;,
  3;37,76,36;,
  3;77,36,76;,
  3;18,78,20;,
  3;79,20,78;,
  3;0,80,2;,
  3;81,2,80;,
  3;16,82,17;,
  3;83,17,82;,
  3;34,84,35;,
  3;85,35,84;,
  3;52,86,53;,
  3;87,53,86;,
  3;70,88,71;,
  3;89,71,88;,
  3;90,92,91;,
  3;93,91,92;,
  3;94,96,95;,
  3;97,95,96;,
  3;98,100,99;,
  3;101,99,100;,
  3;102,104,103;,
  3;105,103,104;,
  3;92,106,93;,
  3;107,93,106;,
  3;96,108,97;,
  3;109,97,108;,
  3;100,110,101;,
  3;111,101,110;,
  3;104,112,105;,
  3;113,105,112;,
  3;106,114,107;,
  3;115,107,114;,
  3;108,116,109;,
  3;117,109,116;,
  3;110,118,111;,
  3;119,111,118;,
  3;112,120,113;,
  3;121,113,120;,
  3;114,122,115;,
  3;123,115,122;,
  3;116,124,117;,
  3;125,117,124;,
  3;118,126,119;,
  3;127,119,126;,
  3;120,128,121;,
  3;129,121,128;,
  3;122,130,123;,
  3;131,123,130;,
  3;124,132,125;,
  3;133,125,132;,
  3;126,134,127;,
  3;135,127,134;,
  3;128,136,129;,
  3;137,129,136;,
  3;130,138,131;,
  3;139,131,138;,
  3;132,140,133;,
  3;141,133,140;,
  3;134,142,135;,
  3;143,135,142;,
  3;136,144,137;,
  3;145,137,144;,
  3;144,146,145;,
  3;147,145,146;,
  3;138,148,139;,
  3;149,139,148;,
  3;150,151,140;,
  3;141,140,151;,
  3;143,142,152;,
  3;153,152,142;;

  MeshNormals {
   154;
   0.913799;-0.380284;-0.142670;,
   0.685336;-0.432819;-0.585647;,
   0.880938;-0.454698;-0.131139;,
   0.624446;-0.434256;-0.649222;,
   0.281590;-0.259211;-0.923860;,
   0.257709;-0.268458;-0.928179;,
   -0.025681;-0.176990;-0.983877;,
   -0.036754;-0.205399;-0.977988;,
   -0.073027;-0.106306;-0.991648;,
   -0.093951;-0.042148;-0.994684;,
   -0.191479;0.101818;-0.976201;,
   -0.191362;0.096096;-0.976804;,
   -0.349150;0.106559;-0.930989;,
   -0.297482;0.237269;-0.924775;,
   -0.393969;0.166624;-0.903895;,
   -0.302400;0.344283;-0.888833;,
   -0.468125;0.440611;-0.765977;,
   -0.165675;0.703896;-0.690712;,
   -0.391524;-0.909301;0.140997;,
   -0.421672;-0.890318;0.171834;,
   -0.429859;-0.884196;0.182808;,
   -0.396138;-0.897798;0.192441;,
   -0.528360;-0.843120;0.099927;,
   -0.540913;-0.836298;0.089548;,
   -0.641691;-0.763425;0.073586;,
   -0.643440;-0.762512;0.067532;,
   -0.712026;-0.696455;0.089272;,
   -0.703876;-0.704096;0.093846;,
   -0.697607;-0.696328;0.168738;,
   -0.745628;-0.654698;0.124136;,
   -0.789169;-0.598459;0.138057;,
   -0.776177;-0.618940;0.120261;,
   -0.839216;-0.461443;0.287726;,
   -0.796844;-0.525356;0.298398;,
   -0.844685;-0.408083;0.346376;,
   -0.821461;-0.443981;0.357886;,
   -0.832293;0.520630;0.190346;,
   -0.771230;0.586043;0.248513;,
   -0.558354;0.519773;0.646588;,
   -0.555915;0.517728;0.650320;,
   -0.238315;0.343042;0.908586;,
   -0.241503;0.339506;0.909072;,
   0.071177;0.238647;0.968494;,
   0.043221;0.219609;0.974630;,
   0.177904;0.123238;0.976301;,
   0.120542;0.085644;0.989007;,
   0.295318;-0.094903;0.950674;,
   0.246130;-0.090146;0.965036;,
   0.366765;-0.282479;0.886391;,
   0.318993;-0.210648;0.924051;,
   0.249886;-0.291210;0.923446;,
   0.206538;-0.191558;0.959504;,
   0.180230;-0.516991;0.836802;,
   0.289173;-0.400605;0.869422;,
   0.318594;0.941200;0.112432;,
   0.556275;0.830791;-0.018565;,
   0.395389;0.915304;0.076719;,
   0.567962;0.822091;-0.039807;,
   0.571578;0.820495;-0.009305;,
   0.544698;0.838419;-0.018927;,
   0.664179;0.742104;-0.090260;,
   0.668624;0.736566;-0.102046;,
   0.664363;0.742357;-0.086770;,
   0.662465;0.741780;-0.104413;,
   0.711370;0.688298;-0.142123;,
   0.721100;0.681684;-0.123779;,
   0.786598;0.614101;-0.064367;,
   0.783680;0.620678;-0.024575;,
   0.824946;0.556092;-0.101126;,
   0.840580;0.537403;-0.067999;,
   0.949244;0.302003;-0.087918;,
   0.915537;0.397807;-0.059502;,
   0.318594;0.941200;0.112432;,
   0.395389;0.915304;0.076719;,
   0.538383;0.827132;-0.161231;,
   0.573180;0.807755;-0.137829;,
   -0.905707;0.375725;-0.196277;,
   -0.936741;0.255251;-0.239507;,
   -0.717928;-0.680197;0.148025;,
   -0.779502;-0.588923;0.213414;,
   0.839586;-0.477757;0.258539;,
   0.786613;-0.534065;0.309862;,
   -0.307392;0.924482;-0.225487;,
   -0.093013;0.993449;-0.066397;,
   -0.872368;-0.265942;0.410183;,
   -0.887441;-0.256094;0.383229;,
   0.110851;-0.993289;0.032991;,
   0.318866;-0.903036;0.287839;,
   0.923364;0.189409;-0.333950;,
   0.905550;0.231828;-0.355295;,
   -0.307392;0.924482;-0.225487;,
   -0.093013;0.993449;-0.066397;,
   -0.103116;0.894720;0.434562;,
   -0.066889;0.889683;0.451653;,
   -0.872368;-0.265942;0.410183;,
   -0.887441;-0.256094;0.383229;,
   -0.715004;-0.346017;0.607487;,
   -0.798238;-0.358425;0.484095;,
   0.110851;-0.993289;0.032991;,
   0.318866;-0.903036;0.287839;,
   -0.019625;-0.930549;-0.365642;,
   0.123166;-0.898037;-0.422327;,
   0.923364;0.189409;-0.333950;,
   0.905550;0.231828;-0.355295;,
   0.832852;0.245317;-0.496162;,
   0.797460;0.329801;-0.505262;,
   -0.046037;0.604347;0.795390;,
   -0.043191;0.552966;0.832083;,
   -0.695875;-0.563542;0.445172;,
   -0.735464;-0.566592;0.371573;,
   -0.070596;-0.546562;-0.834438;,
   -0.016421;-0.538573;-0.842419;,
   0.707397;0.588506;-0.391472;,
   0.679661;0.643622;-0.351868;,
   0.245041;0.270328;0.931063;,
   0.259476;0.255943;0.931217;,
   -0.695609;-0.676015;0.243170;,
   -0.704355;-0.674642;0.220775;,
   -0.244986;-0.289228;-0.925380;,
   -0.218210;-0.294589;-0.930377;,
   0.708454;0.661905;-0.244899;,
   0.707763;0.669137;-0.226555;,
   0.230719;0.003670;0.973014;,
   0.227792;0.002361;0.973707;,
   -0.740646;-0.667772;0.074321;,
   -0.748368;-0.660800;0.057354;,
   -0.243175;0.015710;-0.969855;,
   -0.239985;0.024605;-0.970465;,
   0.758859;0.642260;-0.107865;,
   0.772794;0.623454;-0.118719;,
   0.333207;-0.168392;0.927695;,
   0.366030;-0.162885;0.916237;,
   -0.826671;-0.553521;-0.101136;,
   -0.806010;-0.584855;-0.091066;,
   -0.379116;0.186237;-0.906414;,
   -0.415766;0.105825;-0.903294;,
   0.758097;0.614177;-0.219261;,
   0.733087;0.627463;-0.262436;,
   0.517280;-0.401038;0.756036;,
   0.583013;-0.412477;0.699970;,
   -0.771522;-0.634115;0.051509;,
   -0.748335;-0.660093;0.065361;,
   -0.756339;0.217795;-0.616860;,
   -0.749849;0.158399;-0.642367;,
   0.661243;0.693358;-0.286379;,
   0.638383;0.700420;-0.319186;,
   0.573180;0.807755;-0.137829;,
   0.538383;0.827132;-0.161231;,
   0.786613;-0.534065;0.309862;,
   0.839586;-0.477757;0.258539;,
   -0.779502;-0.588923;0.213414;,
   -0.717928;-0.680197;0.148025;,
   -0.905707;0.375725;-0.196277;,
   -0.936741;0.255251;-0.239507;;
   136;
   3;0,2,1;,
   3;3,1,2;,
   3;1,3,4;,
   3;5,4,3;,
   3;4,5,6;,
   3;7,6,5;,
   3;7,8,6;,
   3;9,6,8;,
   3;8,10,9;,
   3;11,9,10;,
   3;10,12,11;,
   3;13,11,12;,
   3;12,14,13;,
   3;15,13,14;,
   3;14,16,15;,
   3;17,15,16;,
   3;18,20,19;,
   3;21,19,20;,
   3;21,22,19;,
   3;23,19,22;,
   3;22,24,23;,
   3;25,23,24;,
   3;24,26,25;,
   3;27,25,26;,
   3;26,28,27;,
   3;29,27,28;,
   3;28,30,29;,
   3;31,29,30;,
   3;30,32,31;,
   3;33,31,32;,
   3;32,34,33;,
   3;35,33,34;,
   3;36,38,37;,
   3;39,37,38;,
   3;38,40,39;,
   3;41,39,40;,
   3;40,42,41;,
   3;43,41,42;,
   3;42,44,43;,
   3;45,43,44;,
   3;44,46,45;,
   3;47,45,46;,
   3;46,48,47;,
   3;49,47,48;,
   3;48,50,49;,
   3;51,49,50;,
   3;50,52,51;,
   3;53,51,52;,
   3;54,56,55;,
   3;57,55,56;,
   3;57,58,55;,
   3;59,55,58;,
   3;58,60,59;,
   3;61,59,60;,
   3;60,62,61;,
   3;63,61,62;,
   3;62,64,63;,
   3;65,63,64;,
   3;64,66,65;,
   3;67,65,66;,
   3;66,68,67;,
   3;69,67,68;,
   3;68,70,69;,
   3;71,69,70;,
   3;72,74,73;,
   3;75,73,74;,
   3;37,76,36;,
   3;77,36,76;,
   3;18,78,20;,
   3;79,20,78;,
   3;0,80,2;,
   3;81,2,80;,
   3;16,82,17;,
   3;83,17,82;,
   3;34,84,35;,
   3;85,35,84;,
   3;52,86,53;,
   3;87,53,86;,
   3;70,88,71;,
   3;89,71,88;,
   3;90,92,91;,
   3;93,91,92;,
   3;94,96,95;,
   3;97,95,96;,
   3;98,100,99;,
   3;101,99,100;,
   3;102,104,103;,
   3;105,103,104;,
   3;92,106,93;,
   3;107,93,106;,
   3;96,108,97;,
   3;109,97,108;,
   3;100,110,101;,
   3;111,101,110;,
   3;104,112,105;,
   3;113,105,112;,
   3;106,114,107;,
   3;115,107,114;,
   3;108,116,109;,
   3;117,109,116;,
   3;110,118,111;,
   3;119,111,118;,
   3;112,120,113;,
   3;121,113,120;,
   3;114,122,115;,
   3;123,115,122;,
   3;116,124,117;,
   3;125,117,124;,
   3;118,126,119;,
   3;127,119,126;,
   3;120,128,121;,
   3;129,121,128;,
   3;122,130,123;,
   3;131,123,130;,
   3;124,132,125;,
   3;133,125,132;,
   3;126,134,127;,
   3;135,127,134;,
   3;128,136,129;,
   3;137,129,136;,
   3;130,138,131;,
   3;139,131,138;,
   3;132,140,133;,
   3;141,133,140;,
   3;134,142,135;,
   3;143,135,142;,
   3;136,144,137;,
   3;145,137,144;,
   3;144,146,145;,
   3;147,145,146;,
   3;138,148,139;,
   3;149,139,148;,
   3;150,151,140;,
   3;141,140,151;,
   3;143,142,152;,
   3;153,152,142;;
  }

  MeshTextureCoords {
   154;
   0.054688;0.210938;,
   0.105882;0.203498;,
   0.054688;0.281250;,
   0.104522;0.334043;,
   0.279521;0.230258;,
   0.255510;0.380595;,
   0.404867;0.236141;,
   0.403059;0.391663;,
   0.543660;0.393586;,
   0.500000;0.237882;,
   0.654802;0.380176;,
   0.609491;0.234670;,
   0.773676;0.357041;,
   0.704519;0.220347;,
   0.883712;0.312557;,
   0.817041;0.195185;,
   0.965606;0.214525;,
   0.905024;0.149029;,
   0.069074;0.558973;,
   0.144000;0.605575;,
   0.069074;0.558973;,
   0.144000;0.605575;,
   0.279705;0.649258;,
   0.279705;0.649258;,
   0.421002;0.657867;,
   0.421002;0.657867;,
   0.566753;0.657798;,
   0.566753;0.657798;,
   0.681747;0.642271;,
   0.681747;0.642271;,
   0.788528;0.629656;,
   0.788528;0.629656;,
   0.895119;0.578451;,
   0.895119;0.578451;,
   0.962242;0.498678;,
   0.962242;0.498678;,
   0.071997;0.477844;,
   0.069074;0.558973;,
   0.145175;0.473573;,
   0.144000;0.605575;,
   0.292749;0.499209;,
   0.279705;0.649258;,
   0.420596;0.496653;,
   0.421002;0.657867;,
   0.519220;0.497063;,
   0.566753;0.657798;,
   0.632653;0.492129;,
   0.681747;0.642271;,
   0.708408;0.491725;,
   0.788528;0.629656;,
   0.809883;0.474274;,
   0.895119;0.578451;,
   0.893723;0.437142;,
   0.962242;0.498678;,
   0.071997;0.477844;,
   0.145175;0.473573;,
   0.071997;0.477844;,
   0.145175;0.473573;,
   0.292749;0.499209;,
   0.292749;0.499209;,
   0.420596;0.496653;,
   0.420596;0.496653;,
   0.519220;0.497063;,
   0.519220;0.497063;,
   0.632652;0.492129;,
   0.632653;0.492129;,
   0.708408;0.491725;,
   0.708408;0.491725;,
   0.809883;0.474274;,
   0.809883;0.474274;,
   0.893723;0.437142;,
   0.893723;0.437142;,
   0.054688;0.210938;,
   0.054688;0.210938;,
   0.007813;0.210938;,
   0.007813;0.210938;,
   0.006163;0.538690;,
   0.019768;0.484166;,
   0.006163;0.538690;,
   0.006163;0.538690;,
   0.007813;0.210938;,
   0.007813;0.281250;,
   0.990769;0.172692;,
   0.923313;0.114838;,
   0.986094;0.456799;,
   0.986094;0.456799;,
   0.915333;0.397827;,
   0.986094;0.456799;,
   0.915333;0.397827;,
   0.915333;0.397827;,
   0.986177;0.798102;,
   0.946253;0.864455;,
   0.813360;0.740187;,
   0.803273;0.824126;,
   0.986177;0.798102;,
   0.986177;0.798102;,
   0.813360;0.740187;,
   0.813360;0.740187;,
   0.946253;0.864455;,
   0.986177;0.798102;,
   0.803273;0.824126;,
   0.813360;0.740187;,
   0.946253;0.864455;,
   0.946253;0.864455;,
   0.803273;0.824126;,
   0.803273;0.824126;,
   0.663757;0.712566;,
   0.642005;0.796675;,
   0.663757;0.712566;,
   0.663757;0.712566;,
   0.642005;0.796675;,
   0.663757;0.712566;,
   0.642005;0.796675;,
   0.642005;0.796675;,
   0.517829;0.710168;,
   0.506520;0.791170;,
   0.517829;0.710168;,
   0.517829;0.710168;,
   0.506520;0.791170;,
   0.517829;0.710168;,
   0.506520;0.791170;,
   0.506520;0.791170;,
   0.361854;0.723535;,
   0.358478;0.801566;,
   0.361854;0.723535;,
   0.361854;0.723535;,
   0.358478;0.801566;,
   0.361854;0.723535;,
   0.358478;0.801566;,
   0.358478;0.801566;,
   0.242206;0.737336;,
   0.236262;0.813246;,
   0.242206;0.737336;,
   0.242206;0.737336;,
   0.236262;0.813246;,
   0.242206;0.737336;,
   0.236262;0.813246;,
   0.236262;0.813246;,
   0.153330;0.744838;,
   0.138750;0.815883;,
   0.153330;0.744838;,
   0.153330;0.744838;,
   0.138750;0.815883;,
   0.153330;0.744838;,
   0.138750;0.815883;,
   0.138750;0.815883;,
   0.013582;0.823027;,
   0.013582;0.823027;,
   0.011007;0.747663;,
   0.013582;0.823027;,
   0.011007;0.747663;,
   0.011007;0.747663;,
   0.011007;0.747663;,
   0.013582;0.823027;;
  }

  VertexDuplicationIndices {
   154;
   154;
   0,
   1,
   2,
   3,
   4,
   5,
   6,
   7,
   8,
   9,
   10,
   11,
   12,
   13,
   14,
   15,
   16,
   17,
   18,
   19,
   20,
   21,
   22,
   23,
   24,
   25,
   26,
   27,
   28,
   29,
   30,
   31,
   32,
   33,
   34,
   35,
   36,
   37,
   38,
   39,
   40,
   41,
   42,
   43,
   44,
   45,
   46,
   47,
   48,
   49,
   50,
   51,
   52,
   53,
   54,
   55,
   56,
   57,
   58,
   59,
   60,
   61,
   62,
   63,
   64,
   65,
   66,
   67,
   68,
   69,
   70,
   71,
   72,
   73,
   74,
   75,
   76,
   77,
   78,
   79,
   80,
   81,
   82,
   83,
   84,
   85,
   86,
   87,
   88,
   89,
   90,
   91,
   92,
   93,
   94,
   95,
   96,
   97,
   98,
   99,
   100,
   101,
   102,
   103,
   104,
   105,
   106,
   107,
   108,
   109,
   110,
   111,
   112,
   113,
   114,
   115,
   116,
   117,
   118,
   119,
   120,
   121,
   122,
   123,
   124,
   125,
   126,
   127,
   128,
   129,
   130,
   131,
   132,
   133,
   134,
   135,
   136,
   137,
   138,
   139,
   140,
   141,
   142,
   143,
   144,
   145,
   146,
   147,
   148,
   149,
   150,
   151,
   152,
   153;
  }

  MeshMaterialList {
   1;
   136;
   0,
   0,
   0,
   0,
   0,
   0,
   0,
   0,
   0,
   0,
   0,
   0,
   0,
   0,
   0,
   0,
   0,
   0,
   0,
   0,
   0,
   0,
   0,
   0,
   0,
   0,
   0,
   0,
   0,
   0,
   0,
   0,
   0,
   0,
   0,
   0,
   0,
   0,
   0,
   0,
   0,
   0,
   0,
   0,
   0,
   0,
   0,
   0,
   0,
   0,
   0,
   0,
   0,
   0,
   0,
   0,
   0,
   0,
   0,
   0,
   0,
   0,
   0,
   0,
   0,
   0,
   0,
   0,
   0,
   0,
   0,
   0,
   0,
   0,
   0,
   0,
   0,
   0,
   0,
   0,
   0,
   0,
   0,
   0,
   0,
   0,
   0,
   0,
   0,
   0,
   0,
   0,
   0,
   0,
   0,
   0,
   0,
   0,
   0,
   0,
   0,
   0,
   0,
   0,
   0,
   0,
   0,
   0,
   0,
   0,
   0,
   0,
   0,
   0,
   0,
   0,
   0,
   0,
   0,
   0,
   0,
   0,
   0,
   0,
   0,
   0,
   0,
   0,
   0,
   0,
   0,
   0,
   0,
   0,
   0,
   0;

   Material Material__165 {
    1.000000;1.000000;1.000000;1.000000;;
    9.999999;
    0.000000;0.000000;0.000000;;
    0.000000;0.000000;0.000000;;

    TextureFilename {
     "AmmoStrap.png";
    }
   }
  }

  XSkinMeshHeader {
   4;
   6;
   8;
  }

  SkinWeights {
   "Bip01_Pelvis";
   78;
   0,
   1,
   2,
   3,
   4,
   5,
   6,
   7,
   8,
   10,
   18,
   19,
   20,
   21,
   22,
   23,
   24,
   25,
   26,
   27,
   28,
   29,
   36,
   37,
   38,
   39,
   40,
   41,
   42,
   43,
   45,
   47,
   54,
   55,
   56,
   57,
   58,
   59,
   60,
   61,
   72,
   73,
   74,
   75,
   76,
   77,
   78,
   79,
   80,
   81,
   122,
   124,
   125,
   127,
   130,
   131,
   132,
   133,
   134,
   135,
   136,
   137,
   138,
   139,
   140,
   141,
   142,
   143,
   144,
   145,
   146,
   147,
   148,
   149,
   150,
   151,
   152,
   153;
   0.163496,
   0.063666,
   0.351448,
   0.294772,
   0.031558,
   0.135785,
   0.005602,
   0.046026,
   0.013430,
   0.000658,
   0.351448,
   0.294772,
   0.300067,
   0.265906,
   0.140371,
   0.135785,
   0.045621,
   0.046026,
   0.017305,
   0.013430,
   0.001768,
   0.000658,
   0.146553,
   0.300067,
   0.053902,
   0.265906,
   0.035308,
   0.140371,
   0.009274,
   0.045621,
   0.017305,
   0.001768,
   0.146553,
   0.053902,
   0.163496,
   0.063666,
   0.031558,
   0.035308,
   0.005602,
   0.009274,
   0.146553,
   0.163496,
   0.127988,
   0.197973,
   0.252623,
   0.127988,
   0.325443,
   0.252623,
   0.197973,
   0.325443,
   0.000905,
   0.002262,
   0.000905,
   0.002262,
   0.032056,
   0.008753,
   0.039554,
   0.032056,
   0.011424,
   0.039554,
   0.008753,
   0.011424,
   0.164484,
   0.093000,
   0.147906,
   0.164484,
   0.083106,
   0.147906,
   0.093000,
   0.083106,
   0.197973,
   0.127988,
   0.325443,
   0.197973,
   0.252623,
   0.325443,
   0.252623,
   0.127988;
   -0.000003,0.996195,-0.087154,0.000000,0.986157,-0.014449,-0.165183,0.000000,-0.165814,-0.085948,-0.982404,0.000000,-0.481627,0.018104,0.092211,1.000000;;
  }

  SkinWeights {
   "Bip01_Spine";
   116;
   0,
   1,
   2,
   3,
   4,
   5,
   6,
   7,
   8,
   9,
   10,
   11,
   12,
   13,
   14,
   15,
   18,
   19,
   20,
   21,
   22,
   23,
   24,
   25,
   26,
   27,
   28,
   29,
   30,
   31,
   32,
   33,
   36,
   37,
   38,
   39,
   40,
   41,
   42,
   43,
   44,
   45,
   46,
   47,
   48,
   49,
   50,
   51,
   54,
   55,
   56,
   57,
   58,
   59,
   60,
   61,
   62,
   63,
   64,
   65,
   66,
   67,
   68,
   69,
   72,
   73,
   74,
   75,
   76,
   77,
   78,
   79,
   80,
   81,
   108,
   111,
   114,
   115,
   116,
   117,
   118,
   119,
   120,
   121,
   122,
   123,
   124,
   125,
   126,
   127,
   128,
   129,
   130,
   131,
   132,
   133,
   134,
   135,
   136,
   137,
   138,
   139,
   140,
   141,
   142,
   143,
   144,
   145,
   146,
   147,
   148,
   149,
   150,
   151,
   152,
   153;
   0.533739,
   0.582766,
   0.461932,
   0.497704,
   0.546152,
   0.588072,
   0.481320,
   0.618127,
   0.495760,
   0.445186,
   0.378361,
   0.326593,
   0.161399,
   0.164618,
   0.029767,
   0.018686,
   0.461932,
   0.497704,
   0.484949,
   0.513019,
   0.584686,
   0.588072,
   0.599600,
   0.618127,
   0.484379,
   0.495760,
   0.322742,
   0.378361,
   0.140214,
   0.161399,
   0.024670,
   0.029767,
   0.534317,
   0.484949,
   0.559766,
   0.513019,
   0.542609,
   0.584686,
   0.465239,
   0.599600,
   0.381208,
   0.484379,
   0.245175,
   0.322742,
   0.148362,
   0.140214,
   0.017338,
   0.024670,
   0.534317,
   0.559766,
   0.533739,
   0.582766,
   0.546152,
   0.542609,
   0.481320,
   0.465239,
   0.445186,
   0.381208,
   0.326593,
   0.245175,
   0.164618,
   0.148362,
   0.018686,
   0.017338,
   0.534317,
   0.533739,
   0.526672,
   0.495909,
   0.484262,
   0.526672,
   0.444351,
   0.484262,
   0.495909,
   0.444351,
   0.005272,
   0.005272,
   0.070259,
   0.045272,
   0.087232,
   0.070259,
   0.049363,
   0.087232,
   0.045272,
   0.049363,
   0.274430,
   0.224912,
   0.293887,
   0.274430,
   0.233694,
   0.293887,
   0.224912,
   0.233694,
   0.479151,
   0.428210,
   0.480295,
   0.479151,
   0.432107,
   0.480295,
   0.428210,
   0.432107,
   0.491405,
   0.507573,
   0.503845,
   0.491405,
   0.508149,
   0.503845,
   0.507573,
   0.508149,
   0.495909,
   0.526672,
   0.444351,
   0.495909,
   0.484262,
   0.444351,
   0.484262,
   0.526672;
   0.015193,0.996194,-0.085824,0.000000,0.999853,-0.014451,0.009270,0.000000,0.007995,-0.085952,-0.996267,0.000000,-0.541170,0.018106,-0.002084,1.000000;;
  }

  SkinWeights {
   "Bip01_Spine1";
   154;
   0,
   1,
   2,
   3,
   4,
   5,
   6,
   7,
   8,
   9,
   10,
   11,
   12,
   13,
   14,
   15,
   16,
   17,
   18,
   19,
   20,
   21,
   22,
   23,
   24,
   25,
   26,
   27,
   28,
   29,
   30,
   31,
   32,
   33,
   34,
   35,
   36,
   37,
   38,
   39,
   40,
   41,
   42,
   43,
   44,
   45,
   46,
   47,
   48,
   49,
   50,
   51,
   52,
   53,
   54,
   55,
   56,
   57,
   58,
   59,
   60,
   61,
   62,
   63,
   64,
   65,
   66,
   67,
   68,
   69,
   70,
   71,
   72,
   73,
   74,
   75,
   76,
   77,
   78,
   79,
   80,
   81,
   82,
   83,
   84,
   85,
   86,
   87,
   88,
   89,
   90,
   91,
   92,
   93,
   94,
   95,
   96,
   97,
   98,
   99,
   100,
   101,
   102,
   103,
   104,
   105,
   106,
   107,
   108,
   109,
   110,
   111,
   112,
   113,
   114,
   115,
   116,
   117,
   118,
   119,
   120,
   121,
   122,
   123,
   124,
   125,
   126,
   127,
   128,
   129,
   130,
   131,
   132,
   133,
   134,
   135,
   136,
   137,
   138,
   139,
   140,
   141,
   142,
   143,
   144,
   145,
   146,
   147,
   148,
   149,
   150,
   151,
   152,
   153;
   0.302765,
   0.353568,
   0.186620,
   0.207524,
   0.422290,
   0.276144,
   0.513078,
   0.335847,
   0.490810,
   0.554814,
   0.619059,
   0.673407,
   0.692461,
   0.835382,
   0.545199,
   0.730481,
   0.154499,
   0.350484,
   0.186620,
   0.207524,
   0.214984,
   0.221076,
   0.274943,
   0.276144,
   0.354779,
   0.335847,
   0.498316,
   0.490810,
   0.631360,
   0.619059,
   0.691455,
   0.692461,
   0.512402,
   0.545199,
   0.247712,
   0.154499,
   0.319131,
   0.214984,
   0.386332,
   0.221076,
   0.422084,
   0.274943,
   0.525486,
   0.354779,
   0.618792,
   0.498316,
   0.754825,
   0.631360,
   0.830385,
   0.691455,
   0.736270,
   0.512402,
   0.526866,
   0.247712,
   0.319131,
   0.386332,
   0.302765,
   0.353568,
   0.422290,
   0.422084,
   0.513078,
   0.525486,
   0.554814,
   0.618792,
   0.673407,
   0.754825,
   0.835382,
   0.830385,
   0.730481,
   0.736270,
   0.350484,
   0.526866,
   0.319131,
   0.302765,
   0.345340,
   0.306117,
   0.263114,
   0.345340,
   0.230205,
   0.263114,
   0.306117,
   0.230205,
   0.259431,
   0.441784,
   0.280426,
   0.259431,
   0.557828,
   0.280426,
   0.441784,
   0.557828,
   0.259431,
   0.441784,
   0.696705,
   0.823959,
   0.280426,
   0.259431,
   0.649107,
   0.696705,
   0.557828,
   0.280426,
   0.830528,
   0.649107,
   0.441784,
   0.557828,
   0.823959,
   0.830528,
   0.970531,
   0.983614,
   0.968796,
   0.970531,
   0.983828,
   0.968796,
   0.983614,
   0.983828,
   0.929741,
   0.954728,
   0.912768,
   0.929741,
   0.950637,
   0.912768,
   0.954728,
   0.950637,
   0.724666,
   0.760206,
   0.703851,
   0.724666,
   0.737587,
   0.703851,
   0.760206,
   0.737587,
   0.488793,
   0.550423,
   0.480152,
   0.488793,
   0.537201,
   0.480152,
   0.550423,
   0.537201,
   0.344111,
   0.399427,
   0.348249,
   0.344111,
   0.408745,
   0.348249,
   0.399427,
   0.408745,
   0.306117,
   0.345340,
   0.230205,
   0.306117,
   0.263114,
   0.230205,
   0.263114,
   0.345340;
   0.064233,0.993961,0.088970,0.000000,0.997279,-0.060704,-0.041830,0.000000,-0.036176,0.091414,-0.995156,0.000000,-0.645366,0.047225,0.032564,1.000000;;
  }

  SkinWeights {
   "Bip01_Neck";
   26;
   17,
   52,
   70,
   71,
   83,
   86,
   88,
   89,
   91,
   92,
   93,
   96,
   97,
   98,
   100,
   101,
   102,
   103,
   104,
   105,
   106,
   107,
   109,
   110,
   112,
   113;
   0.059868,
   0.005941,
   0.059868,
   0.005941,
   0.109195,
   0.058309,
   0.109195,
   0.058309,
   0.109195,
   0.007923,
   0.043587,
   0.005671,
   0.007923,
   0.058309,
   0.019871,
   0.005671,
   0.109195,
   0.058309,
   0.043587,
   0.019871,
   0.001394,
   0.009459,
   0.001394,
   0.009694,
   0.009459,
   0.009694;
   0.064250,0.993958,0.088987,0.000000,0.953933,-0.034987,-0.297971,0.000000,-0.293057,0.104032,-0.950418,0.000000,-0.743340,0.027281,0.227370,1.000000;;
  }

  SkinWeights {
   "Bip01_Head";
   20;
   17,
   70,
   82,
   83,
   84,
   85,
   86,
   87,
   88,
   89,
   90,
   91,
   93,
   94,
   95,
   98,
   99,
   102,
   103,
   104;
   0.161396,
   0.161396,
   0.082331,
   0.220824,
   0.017897,
   0.082331,
   0.079682,
   0.017897,
   0.220824,
   0.079682,
   0.082331,
   0.220824,
   0.035643,
   0.017897,
   0.082331,
   0.079682,
   0.017897,
   0.220824,
   0.079682,
   0.035643;
   -0.000001,1.000000,-0.000002,0.000000,0.986157,0.000000,-0.165813,0.000000,-0.165812,-0.000003,-0.986157,0.000000,-0.801109,-0.002575,0.120044,1.000000;;
  }

  SkinWeights {
   "Bip01_L_Clavicle";
   50;
   14,
   15,
   16,
   17,
   30,
   32,
   33,
   34,
   35,
   49,
   50,
   51,
   52,
   53,
   68,
   69,
   70,
   71,
   82,
   83,
   84,
   85,
   86,
   87,
   88,
   89,
   90,
   91,
   92,
   93,
   94,
   95,
   96,
   97,
   98,
   99,
   100,
   101,
   102,
   103,
   104,
   105,
   106,
   107,
   108,
   109,
   110,
   111,
   112,
   113;
   0.208859,
   0.164308,
   0.580680,
   0.428252,
   0.037004,
   0.268198,
   0.208859,
   0.518243,
   0.580680,
   0.037004,
   0.166276,
   0.268198,
   0.399384,
   0.518243,
   0.164308,
   0.166276,
   0.428252,
   0.399384,
   0.526977,
   0.228197,
   0.536970,
   0.526977,
   0.304181,
   0.536970,
   0.228197,
   0.304181,
   0.526977,
   0.228197,
   0.217849,
   0.096811,
   0.536970,
   0.526977,
   0.202406,
   0.217849,
   0.304181,
   0.536970,
   0.129017,
   0.202406,
   0.228197,
   0.304181,
   0.096811,
   0.129017,
   0.016846,
   0.005171,
   0.013684,
