xof 0303txt 0032
template XSkinMeshHeader {
 <3cf169ce-ff7c-44ab-93c0-f78f62d172e2>
 WORD nMaxSkinWeightsPerVertex;
 WORD nMaxSkinWeightsPerFace;
 WORD nBones;
}

template VertexDuplicationIndices {
 <b8d65549-d7c9-4995-89cf-53a9a8b031e3>
 DWORD nIndices;
 DWORD nOriginalVertices;
 array DWORD indices[nIndices];
}

template SkinWeights {
 <6f0d123b-bad2-4167-a0d0-80224f25fabb>
 STRING transformNodeName;
 DWORD nWeights;
 array DWORD vertexIndices[nWeights];
 array FLOAT weights[nWeights];
 Matrix4x4 matrixOffset;
}

template AnimTicksPerSecond {
 <9e415a43-7ba6-4a73-8743-b73d47e88476>
 DWORD AnimTicksPerSecond;
}


AnimTicksPerSecond {
 4800;
}

Frame Dummy01 {
 

 FrameTransformMatrix {
  1.000000,0.000000,0.000000,0.000000,0.000000,-0.000000,-1.000000,0.000000,0.000000,1.000000,-0.000000,0.000000,0.000000,0.000000,0.000000,1.000000;;
 }

 Frame Bip01 {
  

  FrameTransformMatrix {
   -0.087155,0.982405,-0.165183,0.000000,-0.000001,0.165814,0.986157,0.000000,0.996195,0.085949,-0.014450,0.000000,-0.010000,-0.012284,0.490453,1.000000;;
  }

  Frame Bip01_Pelvis {
   

   FrameTransformMatrix {
    0.000000,1.000000,-0.000001,0.000000,-0.000001,0.000001,1.000000,0.000000,1.000000,0.000000,0.000001,0.000000,0.000000,0.000000,0.000000,1.000000;;
   }

   Frame Bip01_Spine {
    

    FrameTransformMatrix {
     0.984686,0.000002,-0.174337,0.000000,-0.000001,1.000000,0.000004,0.000000,0.174337,-0.000004,0.984686,0.000000,0.051619,0.000000,-0.000083,1.000000;;
    }

    Frame Bip01_Spine1 {
     

     FrameTransformMatrix {
      0.997819,0.052687,0.039774,0.000000,-0.044862,0.983198,-0.176942,0.000000,-0.048428,0.174771,0.983417,0.000000,0.106484,-0.000015,-0.000083,1.000000;;
     }

     Frame Bip01_Neck {
      

      FrameTransformMatrix {
       0.966067,-0.020835,0.257451,0.000000,0.025191,0.999590,-0.013632,0.000000,-0.257061,0.019655,0.966195,0.000000,0.130511,-0.000001,0.004626,1.000000;;
      }

      Frame Bip01_Head {
       

       FrameTransformMatrix {
        0.989321,-0.051753,-0.136255,0.000000,0.064251,0.993958,0.088989,0.000000,0.130826,-0.096793,0.986669,0.000000,0.033674,-0.000000,0.000000,1.000000;;
       }

       Frame Bip01_HeadNub {
        

        FrameTransformMatrix {
         1.000000,-0.000000,-0.000000,0.000000,-0.000000,1.000000,0.000000,0.000000,0.000000,-0.000000,1.000000,0.000000,0.169824,0.000000,-0.000000,1.000000;;
        }
       }
      }

      Frame Bip01_L_Clavicle {
       

       FrameTransformMatrix {
        -0.205975,0.976135,0.068811,0.000000,0.943873,0.216738,-0.249254,0.000000,-0.258220,0.013609,-0.965990,0.000000,-0.024734,0.015166,0.002017,1.000000;;
       }

       Frame Bip01_L_UpperArm {
        

        FrameTransformMatrix {
         0.385871,-0.777669,0.496320,0.000000,0.922466,0.332598,-0.196046,0.000000,-0.012616,0.533487,0.845714,0.000000,0.073469,0.000000,-0.000000,1.000000;;
        }

        Frame Bip01_L_Forearm {
         

         FrameTransformMatrix {
          0.943939,0.000000,-0.330119,0.000000,0.000000,1.000000,-0.000000,0.000000,0.330119,-0.000000,0.943939,0.000000,0.148340,0.000000,-0.000000,1.000000;;
         }

         Frame Bip01_L_Hand {
          

          FrameTransformMatrix {
           1.000000,-0.000000,0.000000,0.000000,0.000000,0.000796,1.000000,0.000000,0.000000,-1.000000,0.000796,0.000000,0.131860,-0.000000,0.000000,1.000000;;
          }

          Frame Bip01_L_Finger0 {
           

           FrameTransformMatrix {
            0.690342,-0.181727,0.700288,0.000000,0.558537,0.749101,-0.356210,0.000000,-0.459853,0.637043,0.618637,0.000000,0.057681,-0.023605,-0.000272,1.000000;;
           }

           Frame Bip01_L_Finger0Nub {
            

            FrameTransformMatrix {
             1.000000,0.000000,0.000000,0.000000,0.000000,1.000000,0.000000,0.000000,-0.000000,0.000000,1.000000,0.000000,0.029435,0.000000,0.000000,1.000000;;
            }
           }
          }

          Frame Bip01_L_Finger1 {
           

           FrameTransformMatrix {
            0.728079,-0.000546,0.685493,0.000000,0.000000,1.000000,0.000796,0.000000,-0.685493,-0.000580,0.728079,0.000000,0.084102,0.000000,0.000000,1.000000;;
           }

           Frame Bip01_L_Finger1Nub {
            

            FrameTransformMatrix {
             1.000000,0.000000,0.000000,0.000000,-0.000000,1.000000,0.000000,0.000000,-0.000000,0.000000,1.000000,0.000000,0.047988,-0.000000,0.000000,1.000000;;
            }
           }
          }
         }
        }
       }
      }

      Frame Bip01_R_Clavicle {
       

       FrameTransformMatrix {
        -0.028509,-0.999573,-0.006461,0.000000,-0.965665,0.025871,0.258498,0.000000,-0.258220,0.013609,-0.965990,0.000000,-0.024080,-0.016250,0.001399,1.000000;;
       }

       Frame Bip01_R_UpperArm {
        

        FrameTransformMatrix {
         0.221390,0.975047,0.016433,0.000000,-0.974986,0.221654,-0.016512,0.000000,-0.019742,-0.012366,0.999728,0.000000,0.073469,0.000000,-0.000000,1.000000;;
        }

        Frame Bip01_R_Forearm {
         

         FrameTransformMatrix {
          0.915660,-0.000000,-0.401954,0.000000,-0.000000,1.000000,-0.000000,0.000000,0.401954,-0.000000,0.915660,0.000000,0.148340,0.000000,-0.000000,1.000000;;
         }

         Frame Bip01_R_Hand {
          

          FrameTransformMatrix {
           0.975195,-0.000000,-0.221346,0.000000,-0.221346,0.000796,-0.975195,0.000000,0.000176,1.000000,0.000777,0.000000,0.131860,0.000000,0.000000,1.000000;;
          }

          Frame Bip01_R_Finger0 {
           

           FrameTransformMatrix {
            0.417774,-0.116941,0.900994,0.000000,-0.558537,0.749101,0.356210,0.000000,-0.716591,-0.652054,0.247639,0.000000,0.057681,0.023605,-0.000272,1.000000;;
           }

           Frame Bip01_R_Finger0Nub {
            

            FrameTransformMatrix {
             -1.000000,0.000000,0.000000,0.000000,0.000000,1.000000,-0.000000,0.000000,0.000000,0.000000,-1.000000,0.000000,0.029435,0.000000,-0.000000,1.000000;;
            }
           }
          }

          Frame Bip01_R_Finger1 {
           

           FrameTransformMatrix {
            0.352436,0.000745,0.935835,0.000000,-0.000000,1.000000,-0.000796,0.000000,-0.935836,0.000281,0.352436,0.000000,0.084102,-0.000000,0.000000,1.000000;;
           }

           Frame Bip01_R_Finger1Nub {
            

            FrameTransformMatrix {
             -1.000000,0.000000,0.000000,0.000000,0.000000,1.000000,-0.000000,0.000000,-0.000000,0.000000,-1.000000,0.000000,0.047988,0.000000,-0.000000,1.000000;;
            }
           }
          }
         }
        }
       }
      }
     }

     Frame Bip01_BackPack {
      

      FrameTransformMatrix {
       0.180560,0.080500,-0.980264,0.000000,0.047560,0.994764,0.090451,0.000000,0.982413,-0.062954,0.175786,0.000000,0.063697,0.000003,-0.088856,1.000000;;
      }

      Frame Bip01_BackPackNub {
       

       FrameTransformMatrix {
        0.000796,0.000003,1.000000,0.000000,0.000000,-1.000000,0.000003,0.000000,1.000000,-0.000000,-0.000796,0.000000,0.053240,0.000000,0.000000,1.000000;;
       }
      }
     }
    }

    Frame Bip01_L_Thigh {
     

     FrameTransformMatrix {
      -0.888504,0.030427,0.457858,0.000000,-0.032107,-0.999476,0.004114,0.000000,0.457744,-0.011045,0.889016,0.000000,-0.050843,0.055225,-0.008917,1.000000;;
     }

     Frame Bip01_L_Calf {
      

      FrameTransformMatrix {
       0.942235,-0.000000,-0.334952,0.000000,-0.000000,1.000000,-0.000000,0.000000,0.334952,-0.000000,0.942235,0.000000,0.237500,0.000000,-0.000000,1.000000;;
      }

      Frame Bip01_L_Foot {
       

       FrameTransformMatrix {
        0.924325,-0.026487,0.380687,0.000000,-0.068962,0.969570,0.234901,0.000000,-0.375325,-0.243378,0.894371,0.000000,0.206841,0.000000,0.000000,1.000000;;
       }

       Frame Bip01_L_Toe0 {
        

        FrameTransformMatrix {
         0.000000,0.000000,1.000000,0.000000,0.000000,1.000000,-0.000000,0.000000,-1.000000,0.000000,0.000000,0.000000,0.065373,0.000000,0.066450,1.000000;;
        }

        Frame Bip01_L_Toe0Nub {
         

         FrameTransformMatrix {
          -1.000000,0.000000,0.000000,0.000000,0.000000,1.000000,0.000000,0.000000,0.000000,0.000000,-1.000000,0.000000,0.006735,-0.000000,0.000000,1.000000;;
         }
        }
       }
      }
     }
    }

    Frame Bip01_R_Thigh {
     

     FrameTransformMatrix {
      -0.996965,0.030321,-0.071704,0.000000,-0.029454,-0.999480,-0.013113,0.000000,-0.072065,-0.010961,0.997340,0.000000,-0.050843,-0.055225,-0.008917,1.000000;;
     }

     Frame Bip01_R_Calf {
      

      FrameTransformMatrix {
       0.730239,0.000000,-0.683192,0.000000,0.000000,1.000000,0.000000,0.000000,0.683192,0.000000,0.730239,0.000000,0.237500,0.000000,0.000000,1.000000;;
      }

      Frame Bip01_R_Foot {
       

       FrameTransformMatrix {
        0.991957,0.087165,-0.091782,0.000000,-0.093276,0.993546,-0.064539,0.000000,0.085565,0.072581,0.993685,0.000000,0.206841,0.000000,0.000000,1.000000;;
       }

       Frame Bip01_R_Toe0 {
        

        FrameTransformMatrix {
         0.000000,0.000000,1.000000,0.000000,0.000000,1.000000,-0.000000,0.000000,-1.000000,0.000000,0.000000,0.000000,0.065373,0.000000,0.066450,1.000000;;
        }

        Frame Bip01_R_Toe0Nub {
         

         FrameTransformMatrix {
          1.000000,0.000000,0.000000,0.000000,0.000000,1.000000,-0.000000,0.000000,-0.000000,-0.000000,1.000000,0.000000,0.006735,-0.000000,0.000000,1.000000;;
         }
        }
       }
      }
     }
    }
   }

   Frame Bip01_DressFront {
    

    FrameTransformMatrix {
     -0.880185,-0.088339,0.466338,0.000000,0.121847,0.907542,0.401896,0.000000,-0.458725,0.410564,-0.788041,0.000000,-0.043935,0.001339,0.061057,1.000000;;
    }

    Frame Bip01_DressFront02 {
     

     FrameTransformMatrix {
      0.912593,0.000001,0.408870,0.000000,-0.000001,1.000000,-0.000000,0.000000,-0.408870,-0.000000,0.912593,0.000000,0.183378,-0.000000,-0.000120,1.000000;;
     }

     Frame Bip01_DressFrontNub {
      

      FrameTransformMatrix {
       0.000796,0.000003,1.000000,0.000000,0.000000,-1.000000,0.000003,0.000000,1.000000,0.000000,-0.000796,0.000000,0.165302,0.000000,0.000000,1.000000;;
      }
     }
    }
   }

   Frame Bip01_DressBack {
    

    FrameTransformMatrix {
     -0.886023,0.038029,0.462080,0.000000,0.191625,0.937561,0.290274,0.000000,-0.422190,0.345735,-0.837988,0.000000,-0.047673,-0.000048,-0.078302,1.000000;;
    }

    Frame Bip01_DressBack02 {
     

     FrameTransformMatrix {
      0.936852,0.174932,-0.302833,0.000000,-0.166408,0.984581,0.053939,0.000000,0.307600,-0.000139,0.951516,0.000000,0.176125,0.000000,-0.000103,1.000000;;
     }

     Frame Bip01_DressBackNub {
      

      FrameTransformMatrix {
       0.000796,0.000003,1.000000,0.000000,0.000000,-1.000000,0.000003,0.000000,1.000000,0.000000,-0.000796,0.000000,0.136508,0.000000,0.000000,1.000000;;
      }
     }
    }
   }
  }

  Frame Bip01_Prop1 {
   

   FrameTransformMatrix {
    -0.233929,-0.108090,0.966227,0.000000,0.687222,0.684611,0.242967,0.000000,-0.687752,0.720849,-0.085868,0.000000,0.072994,-0.055506,-0.134034,1.000000;;
   }
  }

  Frame Bip01_Prop2 {
   

   FrameTransformMatrix {
    -0.163643,-0.967062,0.194966,0.000000,0.985576,-0.168906,-0.010564,0.000000,0.043147,0.190425,0.980753,0.000000,-0.140709,-0.103585,0.102365,1.000000;;
   }
  }
 }
}

Frame Translation_Data {
 

 FrameTransformMatrix {
  1.000000,0.000000,0.000000,0.000000,0.000000,-0.000000,-1.000000,0.000000,0.000000,1.000000,-0.000000,0.000000,0.000000,0.000000,0.000000,1.000000;;
 }
}

Frame Kate_Apron {
 

 FrameTransformMatrix {
  1.000000,0.000000,0.000000,0.000000,0.000000,1.000000,0.000000,0.000000,0.000000,0.000000,1.000000,0.000000,0.000000,0.000000,0.000000,1.000000;;
 }

 Mesh Kate_Apron {
  367;
  0.044636;0.545479;-0.052674;,
  0.032661;0.482908;-0.044437;,
  0.069449;0.500519;-0.034437;,
  0.079202;0.557321;-0.022955;,
  0.051277;0.472653;-0.054054;,
  0.052763;0.394456;-0.101214;,
  0.092113;0.370159;-0.076567;,
  0.101101;0.450933;-0.008061;,
  0.095428;0.493450;0.000716;,
  0.086522;0.528912;-0.016311;,
  -0.015331;0.538460;-0.057196;,
  -0.015575;0.474366;-0.049255;,
  -0.012566;0.588709;-0.055398;,
  0.031308;0.589227;-0.048986;,
  0.068405;0.589193;-0.017740;,
  0.074602;0.575190;0.025170;,
  0.069513;0.590027;0.028530;,
  0.042900;0.580777;0.063058;,
  0.037778;0.590482;0.064007;,
  -0.004501;0.579703;0.071204;,
  -0.007688;0.591480;0.071199;,
  -0.073408;0.547191;-0.042489;,
  -0.098824;0.559568;-0.010973;,
  -0.096816;0.496059;-0.022990;,
  -0.062008;0.484281;-0.036269;,
  -0.080273;0.446504;-0.028587;,
  -0.121657;0.448534;0.024024;,
  -0.114883;0.346019;0.016368;,
  -0.082019;0.353414;-0.023776;,
  -0.115800;0.495505;0.019019;,
  -0.105790;0.531159;-0.003432;,
  -0.055783;0.591701;-0.046104;,
  -0.090532;0.593479;-0.011609;,
  -0.085567;0.593291;0.038028;,
  -0.088734;0.577559;0.039262;,
  -0.048437;0.592133;0.069912;,
  -0.050865;0.582137;0.071148;,
  -0.007688;0.591480;0.071199;,
  -0.004501;0.579703;0.071204;,
  0.051277;0.472653;-0.054054;,
  -0.005120;0.455336;-0.052607;,
  -0.010027;0.382084;-0.093714;,
  0.052763;0.394456;-0.101214;,
  0.032661;0.482908;-0.044437;,
  -0.027564;0.447761;-0.041556;,
  -0.037352;0.358319;-0.052923;,
  -0.025658;0.368424;-0.075251;,
  -0.015685;0.448251;-0.047104;,
  -0.015575;0.474366;-0.049255;,
  -0.062008;0.484281;-0.036269;,
  -0.080273;0.446504;-0.028587;,
  -0.082019;0.353414;-0.023776;,
  -0.075629;0.594448;-0.010583;,
  -0.073959;0.592771;0.034392;,
  -0.085567;0.593291;0.038028;,
  -0.090532;0.593479;-0.011609;,
  -0.048515;0.591777;0.062562;,
  -0.008290;0.590016;0.063027;,
  -0.007688;0.591480;0.071199;,
  -0.008290;0.590016;0.063027;,
  0.033148;0.589860;0.058524;,
  0.037778;0.590482;0.064007;,
  -0.007688;0.591480;0.071199;,
  0.056039;0.588879;0.024869;,
  0.069513;0.590027;0.028530;,
  0.076669;0.365515;-0.064842;,
  0.086759;0.449347;0.003666;,
  0.101101;0.450933;-0.008061;,
  0.092113;0.370159;-0.076567;,
  0.082246;0.493801;0.012405;,
  0.095428;0.493450;0.000716;,
  0.071234;0.530564;-0.002924;,
  0.086522;0.528912;-0.016311;,
  0.062181;0.556828;-0.010564;,
  0.079202;0.557321;-0.022955;,
  0.062181;0.556828;-0.010564;,
  0.069174;0.570986;0.024469;,
  0.074602;0.575190;0.025170;,
  0.079202;0.557321;-0.022955;,
  0.038866;0.575108;0.061222;,
  0.042900;0.580777;0.063058;,
  -0.004589;0.575799;0.067694;,
  -0.004501;0.579703;0.071204;,
  -0.004589;0.575799;0.067694;,
  -0.047715;0.576380;0.068918;,
  -0.050865;0.582137;0.071148;,
  -0.004501;0.579703;0.071204;,
  -0.082768;0.573190;0.037578;,
  -0.088734;0.577559;0.039262;,
  -0.083409;0.558105;-0.006333;,
  -0.098824;0.559568;-0.010973;,
  -0.083409;0.558105;-0.006333;,
  -0.092070;0.531871;0.003844;,
  -0.105790;0.531159;-0.003432;,
  -0.098824;0.559568;-0.010973;,
  -0.100665;0.497011;0.028414;,
  -0.115800;0.495505;0.019019;,
  -0.105357;0.450115;0.033306;,
  -0.121657;0.448534;0.024024;,
  -0.097397;0.347986;0.025856;,
  -0.114883;0.346019;0.016368;,
  0.046276;0.543431;-0.033319;,
  0.062181;0.556828;-0.010564;,
  0.071183;0.499076;-0.014683;,
  0.034753;0.492428;-0.021171;,
  0.054407;0.458024;-0.029579;,
  0.086759;0.449347;0.003666;,
  0.076669;0.365515;-0.064842;,
  0.054419;0.383771;-0.083293;,
  0.082246;0.493801;0.012405;,
  0.071234;0.530564;-0.002924;,
  -0.005233;0.474135;-0.014731;,
  -0.013388;0.541144;-0.034024;,
  -0.071768;0.545143;-0.023135;,
  -0.060271;0.489556;-0.014606;,
  -0.094800;0.498643;-0.001984;,
  -0.083409;0.558105;-0.006333;,
  -0.079563;0.446717;-0.006025;,
  -0.079956;0.353660;-0.002950;,
  -0.097397;0.347986;0.025856;,
  -0.105357;0.450115;0.033306;,
  -0.100665;0.497011;0.028414;,
  -0.092070;0.531871;0.003844;,
  0.054407;0.458024;-0.029579;,
  0.054419;0.383771;-0.083293;,
  0.001962;0.378469;-0.065719;,
  0.004707;0.438920;-0.024855;,
  0.034753;0.492428;-0.021171;,
  -0.019386;0.437837;-0.015413;,
  -0.008013;0.436989;-0.023218;,
  -0.016269;0.367863;-0.054792;,
  -0.033188;0.367432;-0.038822;,
  -0.005233;0.474135;-0.014731;,
  -0.060271;0.489556;-0.014606;,
  -0.079563;0.446717;-0.006025;,
  -0.079956;0.353660;-0.002950;,
  0.046276;0.543431;-0.033319;,
  -0.013388;0.541144;-0.034024;,
  -0.012031;0.590735;-0.036130;,
  -0.012031;0.590735;-0.036130;,
  -0.071768;0.545143;-0.023135;,
  -0.055121;0.593596;-0.028144;,
  -0.083409;0.558105;-0.006333;,
  -0.075629;0.594448;-0.010583;,
  0.044636;0.545479;-0.052674;,
  0.044636;0.545479;-0.052674;,
  0.044636;0.545479;-0.052674;,
  0.044636;0.545479;-0.052674;,
  0.044636;0.545479;-0.052674;,
  0.069449;0.500519;-0.034437;,
  0.069449;0.500519;-0.034437;,
  0.069449;0.500519;-0.034437;,
  0.069449;0.500519;-0.034437;,
  0.069449;0.500519;-0.034437;,
  0.069449;0.500519;-0.034437;,
  0.079202;0.557321;-0.022955;,
  0.079202;0.557321;-0.022955;,
  0.079202;0.557321;-0.022955;,
  0.079202;0.557321;-0.022955;,
  0.051277;0.472653;-0.054054;,
  0.051277;0.472653;-0.054054;,
  0.051277;0.472653;-0.054054;,
  0.101101;0.450933;-0.008061;,
  0.101101;0.450933;-0.008061;,
  0.095428;0.493450;0.000716;,
  0.086522;0.528912;-0.016311;,
  -0.015331;0.538460;-0.057196;,
  -0.015331;0.538460;-0.057196;,
  -0.015331;0.538460;-0.057196;,
  -0.015331;0.538460;-0.057196;,
  -0.015331;0.538460;-0.057196;,
  -0.012566;0.588709;-0.055398;,
  -0.012566;0.588709;-0.055398;,
  -0.012566;0.588709;-0.055398;,
  0.031308;0.589227;-0.048986;,
  0.031308;0.589227;-0.048986;,
  0.068405;0.589193;-0.017740;,
  0.068405;0.589193;-0.017740;,
  0.074602;0.575190;0.025170;,
  0.074602;0.575190;0.025170;,
  0.074602;0.575190;0.025170;,
  0.069513;0.590027;0.028530;,
  0.042900;0.580777;0.063058;,
  0.042900;0.580777;0.063058;,
  0.037778;0.590482;0.064007;,
  0.037778;0.590482;0.064007;,
  -0.007688;0.591480;0.071199;,
  -0.073408;0.547191;-0.042489;,
  -0.073408;0.547191;-0.042489;,
  -0.073408;0.547191;-0.042489;,
  -0.073408;0.547191;-0.042489;,
  -0.073408;0.547191;-0.042489;,
  -0.098824;0.559568;-0.010973;,
  -0.098824;0.559568;-0.010973;,
  -0.098824;0.559568;-0.010973;,
  -0.098824;0.559568;-0.010973;,
  -0.096816;0.496059;-0.022990;,
  -0.096816;0.496059;-0.022990;,
  -0.096816;0.496059;-0.022990;,
  -0.096816;0.496059;-0.022990;,
  -0.096816;0.496059;-0.022990;,
  -0.096816;0.496059;-0.022990;,
  -0.080273;0.446504;-0.028587;,
  -0.080273;0.446504;-0.028587;,
  -0.080273;0.446504;-0.028587;,
  -0.115800;0.495505;0.019019;,
  -0.105790;0.531159;-0.003432;,
  -0.055783;0.591701;-0.046104;,
  -0.055783;0.591701;-0.046104;,
  -0.090532;0.593479;-0.011609;,
  -0.090532;0.593479;-0.011609;,
  -0.085567;0.593291;0.038028;,
  -0.088734;0.577559;0.039262;,
  -0.088734;0.577559;0.039262;,
  -0.088734;0.577559;0.039262;,
  -0.048437;0.592133;0.069912;,
  -0.048437;0.592133;0.069912;,
  -0.050865;0.582137;0.071148;,
  -0.050865;0.582137;0.071148;,
  -0.007688;0.591480;0.071199;,
  0.051277;0.472653;-0.054054;,
  0.051277;0.472653;-0.054054;,
  -0.005120;0.455336;-0.052607;,
  -0.005120;0.455336;-0.052607;,
  -0.005120;0.455336;-0.052607;,
  -0.005120;0.455336;-0.052607;,
  -0.005120;0.455336;-0.052607;,
  -0.010027;0.382084;-0.093714;,
  -0.010027;0.382084;-0.093714;,
  -0.027564;0.447761;-0.041556;,
  -0.027564;0.447761;-0.041556;,
  -0.027564;0.447761;-0.041556;,
  -0.027564;0.447761;-0.041556;,
  -0.027564;0.447761;-0.041556;,
  -0.037352;0.358319;-0.052923;,
  -0.037352;0.358319;-0.052923;,
  -0.025658;0.368424;-0.075251;,
  -0.025658;0.368424;-0.075251;,
  -0.025658;0.368424;-0.075251;,
  -0.015685;0.448251;-0.047104;,
  -0.015685;0.448251;-0.047104;,
  -0.015685;0.448251;-0.047104;,
  -0.080273;0.446504;-0.028587;,
  -0.080273;0.446504;-0.028587;,
  -0.075629;0.594448;-0.010583;,
  -0.085567;0.593291;0.038028;,
  -0.008290;0.590016;0.063027;,
  0.033148;0.589860;0.058524;,
  0.033148;0.589860;0.058524;,
  0.037778;0.590482;0.064007;,
  0.037778;0.590482;0.064007;,
  0.069513;0.590027;0.028530;,
  0.086759;0.449347;0.003666;,
  0.086759;0.449347;0.003666;,
  0.101101;0.450933;-0.008061;,
  0.101101;0.450933;-0.008061;,
  0.082246;0.493801;0.012405;,
  0.082246;0.493801;0.012405;,
  0.095428;0.493450;0.000716;,
  0.095428;0.493450;0.000716;,
  0.071234;0.530564;-0.002924;,
  0.071234;0.530564;-0.002924;,
  0.086522;0.528912;-0.016311;,
  0.086522;0.528912;-0.016311;,
  0.079202;0.557321;-0.022955;,
  0.062181;0.556828;-0.010564;,
  0.069174;0.570986;0.024469;,
  0.069174;0.570986;0.024469;,
  0.074602;0.575190;0.025170;,
  0.074602;0.575190;0.025170;,
  0.038866;0.575108;0.061222;,
  0.038866;0.575108;0.061222;,
  0.042900;0.580777;0.063058;,
  0.042900;0.580777;0.063058;,
  -0.004501;0.579703;0.071204;,
  -0.004589;0.575799;0.067694;,
  -0.047715;0.576380;0.068918;,
  -0.047715;0.576380;0.068918;,
  -0.050865;0.582137;0.071148;,
  -0.050865;0.582137;0.071148;,
  -0.082768;0.573190;0.037578;,
  -0.082768;0.573190;0.037578;,
  -0.088734;0.577559;0.039262;,
  -0.088734;0.577559;0.039262;,
  -0.098824;0.559568;-0.010973;,
  -0.083409;0.558105;-0.006333;,
  -0.092070;0.531871;0.003844;,
  -0.092070;0.531871;0.003844;,
  -0.105790;0.531159;-0.003432;,
  -0.105790;0.531159;-0.003432;,
  -0.100665;0.497011;0.028414;,
  -0.100665;0.497011;0.028414;,
  -0.115800;0.495505;0.019019;,
  -0.115800;0.495505;0.019019;,
  -0.105357;0.450115;0.033306;,
  -0.105357;0.450115;0.033306;,
  -0.121657;0.448534;0.024024;,
  -0.121657;0.448534;0.024024;,
  0.046276;0.543431;-0.033319;,
  0.046276;0.543431;-0.033319;,
  0.062181;0.556828;-0.010564;,
  0.071183;0.499076;-0.014683;,
  0.071183;0.499076;-0.014683;,
  0.071183;0.499076;-0.014683;,
  0.071183;0.499076;-0.014683;,
  0.071183;0.499076;-0.014683;,
  0.071183;0.499076;-0.014683;,
  0.034753;0.492428;-0.021171;,
  0.034753;0.492428;-0.021171;,
  0.034753;0.492428;-0.021171;,
  0.054407;0.458024;-0.029579;,
  0.054407;0.458024;-0.029579;,
  0.054407;0.458024;-0.029579;,
  0.086759;0.449347;0.003666;,
  0.086759;0.449347;0.003666;,
  0.082246;0.493801;0.012405;,
  0.071234;0.530564;-0.002924;,
  -0.005233;0.474135;-0.014731;,
  -0.013388;0.541144;-0.034024;,
  -0.013388;0.541144;-0.034024;,
  -0.013388;0.541144;-0.034024;,
  -0.071768;0.545143;-0.023135;,
  -0.071768;0.545143;-0.023135;,
  -0.060271;0.489556;-0.014606;,
  -0.060271;0.489556;-0.014606;,
  -0.060271;0.489556;-0.014606;,
  -0.083409;0.558105;-0.006333;,
  -0.105357;0.450115;0.033306;,
  -0.105357;0.450115;0.033306;,
  -0.100665;0.497011;0.028414;,
  -0.092070;0.531871;0.003844;,
  0.054407;0.458024;-0.029579;,
  0.054407;0.458024;-0.029579;,
  0.001962;0.378469;-0.065719;,
  0.001962;0.378469;-0.065719;,
  0.004707;0.438920;-0.024855;,
  0.004707;0.438920;-0.024855;,
  0.004707;0.438920;-0.024855;,
  0.004707;0.438920;-0.024855;,
  0.004707;0.438920;-0.024855;,
  0.034753;0.492428;-0.021171;,
  -0.019386;0.437837;-0.015413;,
  -0.019386;0.437837;-0.015413;,
  -0.019386;0.437837;-0.015413;,
  -0.019386;0.437837;-0.015413;,
  -0.019386;0.437837;-0.015413;,
  -0.008013;0.436989;-0.023218;,
  -0.008013;0.436989;-0.023218;,
  -0.008013;0.436989;-0.023218;,
  -0.016269;0.367863;-0.054792;,
  -0.016269;0.367863;-0.054792;,
  -0.016269;0.367863;-0.054792;,
  -0.033188;0.367432;-0.038822;,
  -0.033188;0.367432;-0.038822;,
  -0.005233;0.474135;-0.014731;,
  -0.005233;0.474135;-0.014731;,
  -0.005233;0.474135;-0.014731;,
  -0.060271;0.489556;-0.014606;,
  -0.079563;0.446717;-0.006025;,
  -0.079563;0.446717;-0.006025;,
  -0.013388;0.541144;-0.034024;,
  -0.012031;0.590735;-0.036130;,
  -0.071768;0.545143;-0.023135;,
  -0.071768;0.545143;-0.023135;,
  -0.055121;0.593596;-0.028144;,
  -0.055121;0.593596;-0.028144;,
  -0.083409;0.558105;-0.006333;;
  132;
  3;148,154,1;,
  3;153,147,158;,
  3;161,6,5;,
  3;6,160,163;,
  3;162,152,164;,
  3;151,7,159;,
  3;150,4,1;,
  3;157,165,149;,
  3;9,8,2;,
  3;1,170,146;,
  3;169,1,11;,
  3;173,145,168;,
  3;144,172,175;,
  3;174,156,0;,
  3;155,13,177;,
  3;176,180,3;,
  3;179,14,181;,
  3;178,185,183;,
  3;184,15,16;,
  3;182,186,19;,
  3;20,17,18;,
  3;191,201,195;,
  3;200,190,24;,
  3;204,27,26;,
  3;27,203,28;,
  3;26,199,202;,
  3;198,26,205;,
  3;197,24,25;,
  3;194,196,206;,
  3;30,23,29;,
  3;24,167,11;,
  3;166,24,189;,
  3;171,188,208;,
  3;187,12,10;,
  3;207,193,210;,
  3;192,31,21;,
  3;209,214,211;,
  3;213,32,22;,
  3;212,216,33;,
  3;215,34,218;,
  3;217,219,35;,
  3;37,36,38;,
  3;221,228,226;,
  3;227,220,42;,
  3;225,43,39;,
  3;233,238,235;,
  3;237,232,241;,
  3;48,231,49;,
  3;49,230,243;,
  3;229,48,240;,
  3;234,242,44;,
  3;50,45,51;,
  3;48,224,239;,
  3;223,48,43;,
  3;236,222,41;,
  3;40,46,47;,
  3;244,245,53;,
  3;54,52,55;,
  3;56,58,57;,
  3;246,250,248;,
  3;249,59,62;,
  3;247,251,63;,
  3;64,60,61;,
  3;65,255,253;,
  3;254,65,68;,
  3;252,259,257;,
  3;258,66,67;,
  3;256,263,261;,
  3;262,69,70;,
  3;260,264,73;,
  3;74,71,72;,
  3;265,269,267;,
  3;268,75,78;,
  3;266,273,271;,
  3;272,76,77;,
  3;270,274,81;,
  3;82,79,80;,
  3;275,279,277;,
  3;278,83,86;,
  3;276,283,281;,
  3;282,84,85;,
  3;280,284,89;,
  3;90,87,88;,
  3;285,289,287;,
  3;288,91,94;,
  3;286,293,291;,
  3;292,92,93;,
  3;290,297,295;,
  3;296,95,96;,
  3;294,100,99;,
  3;100,97,98;,
  3;299,306,300;,
  3;305,298,309;,
  3;312,107,314;,
  3;107,311,108;,
  3;313,304,310;,
  3;303,106,315;,
  3;302,308,105;,
  3;102,301,316;,
  3;110,103,109;,
  3;307,320,317;,
  3;319,104,101;,
  3;322,115,325;,
  3;115,321,326;,
  3;117,119,118;,
  3;119,117,328;,
  3;327,115,329;,
  3;115,120,117;,
  3;115,117,324;,
  3;116,330,115;,
  3;122,121,115;,
  3;323,318,113;,
  3;112,114,111;,
  3;332,334,124;,
  3;333,331,339;,
  3;338,123,340;,
  3;345,351,348;,
  3;350,344,353;,
  3;356,357,343;,
  3;133,359,342;,
  3;341,347,355;,
  3;352,358,135;,
  3;134,131,128;,
  3;354,346,337;,
  3;336,127,132;,
  3;349,335,129;,
  3;126,130,125;,
  3;136,138,360;,
  3;361,363,137;,
  3;362,139,365;,
  3;364,366,140;,
  3;142,141,143;;

  MeshNormals {
   367;
   0.359895;-0.003610;-0.932986;,
   0.121961;-0.149847;-0.981156;,
   0.600283;0.066800;-0.796993;,
   0.765540;0.156966;-0.623948;,
   0.364206;0.384275;-0.848343;,
   0.414260;0.436704;-0.798547;,
   0.674012;0.335260;-0.658261;,
   0.708681;0.140876;-0.691321;,
   0.776938;-0.008006;-0.629526;,
   0.781496;0.009189;-0.623842;,
   -0.086866;-0.086169;-0.992486;,
   -0.087926;-0.165666;-0.982254;,
   -0.038323;-0.096081;-0.994635;,
   0.395199;-0.074485;-0.915571;,
   0.835163;0.117960;-0.537203;,
   0.916615;0.314753;0.246470;,
   0.891508;0.312281;0.328167;,
   0.518849;0.303053;0.799346;,
   0.415788;0.287552;0.862806;,
   0.079443;0.245013;0.966260;,
   0.046839;0.276333;0.959920;,
   -0.510661;0.006585;-0.859757;,
   -0.849331;0.155015;-0.504586;,
   -0.721078;-0.044415;-0.691429;,
   -0.290392;-0.146050;-0.945694;,
   -0.516272;-0.050570;-0.854930;,
   -0.810155;-0.048796;-0.584181;,
   -0.794282;-0.048755;-0.605590;,
   -0.568764;-0.038582;-0.821595;,
   -0.868061;-0.057656;-0.493098;,
   -0.882543;0.047626;-0.467813;,
   -0.461556;-0.049774;-0.885714;,
   -0.878442;0.140682;-0.456671;,
   -0.847777;0.314768;0.426843;,
   -0.869899;0.299281;0.392054;,
   -0.280283;0.301203;0.911438;,
   -0.365354;0.315880;0.875635;,
   0.046839;0.276333;0.959920;,
   0.079443;0.245013;0.966260;,
   0.364206;0.384275;-0.848343;,
   -0.182382;0.392461;-0.901505;,
   -0.127780;0.421469;-0.897795;,
   0.414260;0.436704;-0.798547;,
   0.121961;-0.149847;-0.981156;,
   -0.475027;0.281971;-0.833572;,
   -0.469797;0.159612;-0.868225;,
   -0.359546;0.312116;-0.879381;,
   -0.338988;0.301606;-0.891135;,
   -0.087926;-0.165666;-0.982254;,
   -0.290392;-0.146050;-0.945694;,
   -0.516272;-0.050570;-0.854930;,
   -0.568764;-0.038582;-0.821595;,
   0.028793;0.999566;0.006200;,
   0.079797;0.995284;-0.055157;,
   0.061870;0.997568;-0.032086;,
   0.027192;0.999607;0.006758;,
   0.097045;0.985562;-0.138745;,
   0.026834;0.981142;-0.191417;,
   0.025295;0.981689;-0.188805;,
   0.026834;0.981142;-0.191417;,
   -0.051200;0.990001;-0.131437;,
   -0.056965;0.991023;-0.120947;,
   0.025295;0.981689;-0.188805;,
   -0.018449;0.999144;-0.037020;,
   -0.036687;0.998608;-0.037898;,
   0.627029;-0.429313;0.650019;,
   0.675929;-0.133779;0.724723;,
   0.674267;-0.144661;0.724181;,
   0.627098;-0.427430;0.651192;,
   0.669256;0.237067;0.704199;,
   0.672176;0.213649;0.708896;,
   0.611144;0.417347;0.672550;,
   0.614591;0.409227;0.674397;,
   0.596523;0.349995;0.722263;,
   0.596504;0.350940;0.721820;,
   0.352853;-0.871375;0.340881;,
   0.418908;-0.810907;0.408590;,
   0.419747;-0.807577;0.414286;,
   0.352955;-0.870919;0.341940;,
   0.270963;-0.673149;0.688076;,
   0.351425;-0.688084;0.634855;,
   0.054873;-0.595123;0.801759;,
   0.052101;-0.593530;0.803123;,
   0.054873;-0.595123;0.801759;,
   -0.170732;-0.664043;0.727940;,
   -0.252158;-0.678726;0.689744;,
   0.052101;-0.593530;0.803123;,
   -0.353366;-0.817302;0.455137;,
   -0.350117;-0.818360;0.455746;,
   -0.284247;-0.888935;0.359163;,
   -0.284240;-0.888906;0.359240;,
   -0.344363;0.368021;0.863698;,
   -0.394387;0.490249;0.777249;,
   -0.397983;0.491961;0.774328;,
   -0.344365;0.368093;0.863667;,
   -0.490573;0.388741;0.779884;,
   -0.492779;0.375506;0.784961;,
   -0.501701;0.093175;0.860008;,
   -0.499857;0.084648;0.861961;,
   -0.478110;-0.019557;0.878082;,
   -0.478147;-0.017326;0.878109;,
   -0.322237;0.057967;0.944883;,
   -0.633803;-0.058241;0.771299;,
   -0.698422;-0.070772;0.712178;,
   -0.217916;-0.037790;0.975236;,
   -0.694351;-0.185524;0.695311;,
   -0.789335;-0.106901;0.604584;,
   -0.763659;-0.291380;0.576127;,
   -0.758913;-0.299027;0.578476;,
   -0.875408;-0.033521;0.482221;,
   -0.897976;-0.165671;0.407667;,
   0.311303;-0.164056;0.936043;,
   0.075712;0.145167;0.986506;,
   0.433596;0.081705;0.897396;,
   0.353340;0.112896;0.928658;,
   0.791921;0.035222;0.609606;,
   0.665680;-0.006757;0.746206;,
   0.799699;0.049860;0.598327;,
   0.867017;0.034262;0.497099;,
   0.871442;0.038646;0.488974;,
   0.877717;0.053389;0.476195;,
   0.940739;0.026834;0.338069;,
   0.934820;-0.143486;0.324844;,
   -0.082069;-0.260388;0.962010;,
   -0.084558;-0.478643;0.873928;,
   0.021749;-0.349929;0.936524;,
   0.164031;-0.265912;0.949939;,
   -0.050518;-0.009672;0.998676;,
   0.492213;-0.243255;0.835795;,
   0.338846;-0.277536;0.898975;,
   0.252064;-0.312846;0.915746;,
   0.339738;-0.205183;0.917866;,
   0.309661;-0.203201;0.928881;,
   0.220718;0.135446;0.965887;,
   0.250477;0.082515;0.964600;,
   0.281030;0.021509;0.959458;,
   0.039058;-0.125390;-0.991338;,
   0.075384;0.111248;0.990929;,
   0.046933;0.107141;0.993135;,
   0.173934;0.102928;0.979363;,
   -0.244664;-0.267616;-0.931945;,
   0.398383;0.024476;0.916892;,
   0.730588;-0.088440;0.677067;,
   0.694445;-0.092420;0.713585;,
   0.359895;-0.003610;-0.932986;,
   0.359895;-0.003610;-0.932986;,
   0.359895;-0.003610;-0.932986;,
   0.359895;-0.003610;-0.932986;,
   0.359895;-0.003610;-0.932986;,
   0.600283;0.066800;-0.796993;,
   0.600283;0.066800;-0.796993;,
   0.600283;0.066800;-0.796993;,
   0.600283;0.066800;-0.796993;,
   0.600283;0.066800;-0.796993;,
   0.600283;0.066800;-0.796993;,
   0.765540;0.156966;-0.623948;,
   0.765540;0.156966;-0.623948;,
   0.765540;0.156966;-0.623948;,
   0.765540;0.156966;-0.623948;,
   0.364206;0.384275;-0.848343;,
   0.364206;0.384275;-0.848343;,
   0.364206;0.384275;-0.848343;,
   0.708681;0.140876;-0.691321;,
   0.708681;0.140876;-0.691321;,
   0.776938;-0.008006;-0.629526;,
   0.781496;0.009189;-0.623842;,
   -0.086866;-0.086169;-0.992486;,
   -0.086866;-0.086169;-0.992486;,
   -0.086866;-0.086169;-0.992486;,
   -0.086866;-0.086169;-0.992486;,
   -0.086866;-0.086169;-0.992486;,
   -0.038323;-0.096081;-0.994635;,
   -0.038323;-0.096081;-0.994635;,
   -0.038323;-0.096081;-0.994635;,
   0.395199;-0.074485;-0.915571;,
   0.395199;-0.074485;-0.915571;,
   0.835163;0.117960;-0.537203;,
   0.835163;0.117960;-0.537203;,
   0.916615;0.314753;0.246470;,
   0.916615;0.314753;0.246470;,
   0.916615;0.314753;0.246470;,
   0.891508;0.312281;0.328167;,
   0.518849;0.303053;0.799346;,
   0.518849;0.303053;0.799346;,
   0.415788;0.287552;0.862806;,
   0.415788;0.287552;0.862806;,
   0.046839;0.276333;0.959920;,
   -0.510661;0.006585;-0.859757;,
   -0.510661;0.006585;-0.859757;,
   -0.510661;0.006585;-0.859757;,
   -0.510661;0.006585;-0.859757;,
   -0.510661;0.006585;-0.859757;,
   -0.849331;0.155015;-0.504586;,
   -0.849331;0.155015;-0.504586;,
   -0.849331;0.155015;-0.504586;,
   -0.849331;0.155015;-0.504586;,
   -0.721078;-0.044415;-0.691429;,
   -0.721078;-0.044415;-0.691429;,
   -0.721078;-0.044415;-0.691429;,
   -0.721078;-0.044415;-0.691429;,
   -0.721078;-0.044415;-0.691429;,
   -0.721078;-0.044415;-0.691429;,
   -0.516272;-0.050570;-0.854930;,
   -0.516272;-0.050570;-0.854930;,
   -0.516272;-0.050570;-0.854930;,
   -0.868061;-0.057656;-0.493098;,
   -0.882543;0.047626;-0.467813;,
   -0.461556;-0.049774;-0.885714;,
   -0.461556;-0.049774;-0.885714;,
   -0.878442;0.140682;-0.456671;,
   -0.878442;0.140682;-0.456671;,
   -0.847777;0.314768;0.426843;,
   -0.869899;0.299281;0.392054;,
   -0.869899;0.299281;0.392054;,
   -0.869899;0.299281;0.392054;,
   -0.280283;0.301203;0.911438;,
   -0.280283;0.301203;0.911438;,
   -0.365354;0.315880;0.875635;,
   -0.365354;0.315880;0.875635;,
   0.046839;0.276333;0.959920;,
   0.364206;0.384275;-0.848343;,
   0.364206;0.384275;-0.848343;,
   -0.182382;0.392461;-0.901505;,
   -0.182382;0.392461;-0.901505;,
   -0.182382;0.392461;-0.901505;,
   -0.182382;0.392461;-0.901505;,
   -0.182382;0.392461;-0.901505;,
   -0.127780;0.421469;-0.897795;,
   -0.127780;0.421469;-0.897795;,
   -0.475027;0.281971;-0.833572;,
   -0.475027;0.281971;-0.833572;,
   -0.475027;0.281971;-0.833572;,
   -0.475027;0.281971;-0.833572;,
   -0.475027;0.281971;-0.833572;,
   -0.469797;0.159612;-0.868225;,
   -0.469797;0.159612;-0.868225;,
   -0.359546;0.312116;-0.879381;,
   -0.359546;0.312116;-0.879381;,
   -0.359546;0.312116;-0.879381;,
   -0.338988;0.301606;-0.891135;,
   -0.338988;0.301606;-0.891135;,
   -0.338988;0.301606;-0.891135;,
   -0.516272;-0.050570;-0.854930;,
   -0.516272;-0.050570;-0.854930;,
   0.028793;0.999566;0.006200;,
   0.061870;0.997568;-0.032086;,
   0.026834;0.981142;-0.191417;,
   -0.051200;0.990001;-0.131437;,
   -0.051200;0.990001;-0.131437;,
   -0.056965;0.991023;-0.120947;,
   -0.056965;0.991023;-0.120947;,
   -0.036687;0.998608;-0.037898;,
   0.675929;-0.133779;0.724723;,
   0.675929;-0.133779;0.724723;,
   0.674267;-0.144661;0.724181;,
   0.674267;-0.144661;0.724181;,
   0.669256;0.237067;0.704199;,
   0.669256;0.237067;0.704199;,
   0.672176;0.213649;0.708896;,
   0.672176;0.213649;0.708896;,
   0.611144;0.417347;0.672550;,
   0.611144;0.417347;0.672550;,
   0.614591;0.409227;0.674397;,
   0.614591;0.409227;0.674397;,
   0.596504;0.350940;0.721820;,
   0.352853;-0.871375;0.340881;,
   0.418908;-0.810907;0.408590;,
   0.418908;-0.810907;0.408590;,
   0.419747;-0.807577;0.414286;,
   0.419747;-0.807577;0.414286;,
   0.270963;-0.673149;0.688076;,
   0.270963;-0.673149;0.688076;,
   0.351425;-0.688084;0.634855;,
   0.351425;-0.688084;0.634855;,
   0.052101;-0.593530;0.803123;,
   0.054873;-0.595123;0.801759;,
   -0.170732;-0.664043;0.727940;,
   -0.170732;-0.664043;0.727940;,
   -0.252158;-0.678726;0.689744;,
   -0.252158;-0.678726;0.689744;,
   -0.353366;-0.817302;0.455137;,
   -0.353366;-0.817302;0.455137;,
   -0.350117;-0.818360;0.455746;,
   -0.350117;-0.818360;0.455746;,
   -0.284240;-0.888906;0.359240;,
   -0.344363;0.368021;0.863698;,
   -0.394387;0.490249;0.777249;,
   -0.394387;0.490249;0.777249;,
   -0.397983;0.491961;0.774328;,
   -0.397983;0.491961;0.774328;,
   -0.490573;0.388741;0.779884;,
   -0.490573;0.388741;0.779884;,
   -0.492779;0.375506;0.784961;,
   -0.492779;0.375506;0.784961;,
   -0.501701;0.093175;0.860008;,
   -0.501701;0.093175;0.860008;,
   -0.499857;0.084648;0.861961;,
   -0.499857;0.084648;0.861961;,
   -0.322237;0.057967;0.944883;,
   -0.322237;0.057967;0.944883;,
   -0.633803;-0.058241;0.771299;,
   -0.698422;-0.070772;0.712178;,
   -0.698422;-0.070772;0.712178;,
   -0.698422;-0.070772;0.712178;,
   -0.698422;-0.070772;0.712178;,
   -0.698422;-0.070772;0.712178;,
   -0.698422;-0.070772;0.712178;,
   -0.217916;-0.037790;0.975236;,
   -0.217916;-0.037790;0.975236;,
   -0.217916;-0.037790;0.975236;,
   -0.694351;-0.185524;0.695311;,
   -0.694351;-0.185524;0.695311;,
   -0.694351;-0.185524;0.695311;,
   -0.789335;-0.106901;0.604584;,
   -0.789335;-0.106901;0.604584;,
   -0.875408;-0.033521;0.482221;,
   -0.897976;-0.165671;0.407667;,
   0.311303;-0.164056;0.936043;,
   0.075712;0.145167;0.986506;,
   0.075712;0.145167;0.986506;,
   0.075712;0.145167;0.986506;,
   0.433596;0.081705;0.897396;,
   0.433596;0.081705;0.897396;,
   0.353340;0.112896;0.928658;,
   0.353340;0.112896;0.928658;,
   0.353340;0.112896;0.928658;,
   0.665680;-0.006757;0.746206;,
   0.877717;0.053389;0.476195;,
   0.877717;0.053389;0.476195;,
   0.940739;0.026834;0.338069;,
   0.934820;-0.143486;0.324844;,
   -0.082069;-0.260388;0.962010;,
   -0.082069;-0.260388;0.962010;,
   0.021749;-0.349929;0.936524;,
   0.021749;-0.349929;0.936524;,
   0.164031;-0.265912;0.949939;,
   0.164031;-0.265912;0.949939;,
   0.164031;-0.265912;0.949939;,
   0.164031;-0.265912;0.949939;,
   0.164031;-0.265912;0.949939;,
   -0.050518;-0.009672;0.998676;,
   0.492213;-0.243255;0.835795;,
   0.492213;-0.243255;0.835795;,
   0.492213;-0.243255;0.835795;,
   0.492213;-0.243255;0.835795;,
   0.492213;-0.243255;0.835795;,
   0.338846;-0.277536;0.898975;,
   0.338846;-0.277536;0.898975;,
   0.338846;-0.277536;0.898975;,
   0.252064;-0.312846;0.915746;,
   0.252064;-0.312846;0.915746;,
   0.252064;-0.312846;0.915746;,
   0.339738;-0.205183;0.917866;,
   0.339738;-0.205183;0.917866;,
   0.309661;-0.203201;0.928881;,
   0.309661;-0.203201;0.928881;,
   0.309661;-0.203201;0.928881;,
   0.220718;0.135446;0.965887;,
   0.250477;0.082515;0.964600;,
   0.250477;0.082515;0.964600;,
   0.075384;0.111248;0.990929;,
   0.173934;0.102928;0.979363;,
   -0.244664;-0.267616;-0.931945;,
   -0.244664;-0.267616;-0.931945;,
   0.398383;0.024476;0.916892;,
   0.398383;0.024476;0.916892;,
   0.730588;-0.088440;0.677067;;
   132;
   3;148,154,1;,
   3;153,147,158;,
   3;161,6,5;,
   3;6,160,163;,
   3;162,152,164;,
   3;151,7,159;,
   3;150,4,1;,
   3;157,165,149;,
   3;9,8,2;,
   3;1,170,146;,
   3;169,1,11;,
   3;173,145,168;,
   3;144,172,175;,
   3;174,156,0;,
   3;155,13,177;,
   3;176,180,3;,
   3;179,14,181;,
   3;178,185,183;,
   3;184,15,16;,
   3;182,186,19;,
   3;20,17,18;,
   3;191,201,195;,
   3;200,190,24;,
   3;204,27,26;,
   3;27,203,28;,
   3;26,199,202;,
   3;198,26,205;,
   3;197,24,25;,
   3;194,196,206;,
   3;30,23,29;,
   3;24,167,11;,
   3;166,24,189;,
   3;171,188,208;,
   3;187,12,10;,
   3;207,193,210;,
   3;192,31,21;,
   3;209,214,211;,
   3;213,32,22;,
   3;212,216,33;,
   3;215,34,218;,
   3;217,219,35;,
   3;37,36,38;,
   3;221,228,226;,
   3;227,220,42;,
   3;225,43,39;,
   3;233,238,235;,
   3;237,232,241;,
   3;48,231,49;,
   3;49,230,243;,
   3;229,48,240;,
   3;234,242,44;,
   3;50,45,51;,
   3;48,224,239;,
   3;223,48,43;,
   3;236,222,41;,
   3;40,46,47;,
   3;244,245,53;,
   3;54,52,55;,
   3;56,58,57;,
   3;246,250,248;,
   3;249,59,62;,
   3;247,251,63;,
   3;64,60,61;,
   3;65,255,253;,
   3;254,65,68;,
   3;252,259,257;,
   3;258,66,67;,
   3;256,263,261;,
   3;262,69,70;,
   3;260,264,73;,
   3;74,71,72;,
   3;265,269,267;,
   3;268,75,78;,
   3;266,273,271;,
   3;272,76,77;,
   3;270,274,81;,
   3;82,79,80;,
   3;275,279,277;,
   3;278,83,86;,
   3;276,283,281;,
   3;282,84,85;,
   3;280,284,89;,
   3;90,87,88;,
   3;285,289,287;,
   3;288,91,94;,
   3;286,293,291;,
   3;292,92,93;,
   3;290,297,295;,
   3;296,95,96;,
   3;294,100,99;,
   3;100,97,98;,
   3;299,306,300;,
   3;305,298,309;,
   3;312,107,314;,
   3;107,311,108;,
   3;313,304,310;,
   3;303,106,315;,
   3;302,308,105;,
   3;102,301,316;,
