xof 0303txt 0032
template XSkinMeshHeader {
 <3cf169ce-ff7c-44ab-93c0-f78f62d172e2>
 WORD nMaxSkinWeightsPerVertex;
 WORD nMaxSkinWeightsPerFace;
 WORD nBones;
}

template VertexDuplicationIndices {
 <b8d65549-d7c9-4995-89cf-53a9a8b031e3>
 DWORD nIndices;
 DWORD nOriginalVertices;
 array DWORD indices[nIndices];
}

template SkinWeights {
 <6f0d123b-bad2-4167-a0d0-80224f25fabb>
 STRING transformNodeName;
 DWORD nWeights;
 array DWORD vertexIndices[nWeights];
 array FLOAT weights[nWeights];
 Matrix4x4 matrixOffset;
}

template AnimTicksPerSecond {
 <9e415a43-7ba6-4a73-8743-b73d47e88476>
 DWORD AnimTicksPerSecond;
}

template VertexElement {
 <f752461c-1e23-48f6-b9f8-8350850f336f>
 DWORD Type;
 DWORD Method;
 DWORD Usage;
 DWORD UsageIndex;
}

template DeclData {
 <bf22e553-292c-4781-9fea-62bd554bdd93>
 DWORD nElements;
 array VertexElement Elements[nElements];
 DWORD nDWords;
 array DWORD data[nDWords];
}


AnimTicksPerSecond {
 4800;
}

Frame Dummy01 {
 

 FrameTransformMatrix {
  1.000000,0.000000,0.000000,0.000000,0.000000,-0.000000,-1.000000,0.000000,0.000000,1.000000,-0.000000,0.000000,0.000000,0.000000,0.000000,1.000000;;
 }

 Frame Bip01 {
  

  FrameTransformMatrix {
   -0.087155,0.982405,-0.165183,0.000000,-0.000001,0.165814,0.986157,0.000000,0.996195,0.085949,-0.014450,0.000000,-0.010000,-0.012284,0.490453,1.000000;;
  }

  Frame Bip01_Pelvis {
   

   FrameTransformMatrix {
    0.000000,1.000000,-0.000001,0.000000,-0.000001,0.000001,1.000000,0.000000,1.000000,0.000000,0.000001,0.000000,0.000000,0.000000,0.000000,1.000000;;
   }

   Frame Bip01_Spine {
    

    FrameTransformMatrix {
     0.984686,0.000002,-0.174337,0.000000,-0.000001,1.000000,0.000004,0.000000,0.174337,-0.000004,0.984686,0.000000,0.051619,0.000000,-0.000083,1.000000;;
    }

    Frame Bip01_Spine1 {
     

     FrameTransformMatrix {
      0.997819,0.052687,0.039774,0.000000,-0.044862,0.983198,-0.176942,0.000000,-0.048428,0.174771,0.983417,0.000000,0.106484,-0.000015,-0.000083,1.000000;;
     }

     Frame Bip01_Neck {
      

      FrameTransformMatrix {
       0.966067,-0.020835,0.257451,0.000000,0.025191,0.999590,-0.013632,0.000000,-0.257061,0.019655,0.966195,0.000000,0.130511,-0.000001,0.004626,1.000000;;
      }

      Frame Bip01_Head {
       

       FrameTransformMatrix {
        0.989321,-0.051753,-0.136255,0.000000,0.064251,0.993958,0.088989,0.000000,0.130826,-0.096793,0.986669,0.000000,0.033674,-0.000000,0.000000,1.000000;;
       }

       Frame Bip01_HeadNub {
        

        FrameTransformMatrix {
         1.000000,-0.000000,-0.000000,0.000000,-0.000000,1.000000,0.000000,0.000000,0.000000,-0.000000,1.000000,0.000000,0.169824,0.000000,-0.000000,1.000000;;
        }
       }
      }

      Frame Bip01_L_Clavicle {
       

       FrameTransformMatrix {
        -0.205975,0.976135,0.068811,0.000000,0.943873,0.216738,-0.249254,0.000000,-0.258220,0.013609,-0.965990,0.000000,-0.024734,0.015166,0.002017,1.000000;;
       }

       Frame Bip01_L_UpperArm {
        

        FrameTransformMatrix {
         0.385871,-0.777669,0.496320,0.000000,0.922466,0.332598,-0.196046,0.000000,-0.012616,0.533487,0.845714,0.000000,0.073469,0.000000,-0.000000,1.000000;;
        }

        Frame Bip01_L_Forearm {
         

         FrameTransformMatrix {
          0.943939,0.000000,-0.330119,0.000000,0.000000,1.000000,-0.000000,0.000000,0.330119,-0.000000,0.943939,0.000000,0.148340,0.000000,-0.000000,1.000000;;
         }

         Frame Bip01_L_Hand {
          

          FrameTransformMatrix {
           1.000000,-0.000000,0.000000,0.000000,0.000000,0.000796,1.000000,0.000000,0.000000,-1.000000,0.000796,0.000000,0.131860,-0.000000,0.000000,1.000000;;
          }

          Frame Bip01_L_Finger0 {
           

           FrameTransformMatrix {
            0.690342,-0.181727,0.700288,0.000000,0.558537,0.749101,-0.356210,0.000000,-0.459853,0.637043,0.618637,0.000000,0.057681,-0.023605,-0.000272,1.000000;;
           }

           Frame Bip01_L_Finger0Nub {
            

            FrameTransformMatrix {
             1.000000,0.000000,0.000000,0.000000,0.000000,1.000000,0.000000,0.000000,-0.000000,0.000000,1.000000,0.000000,0.029435,0.000000,0.000000,1.000000;;
            }
           }
          }

          Frame Bip01_L_Finger1 {
           

           FrameTransformMatrix {
            0.728079,-0.000546,0.685493,0.000000,0.000000,1.000000,0.000796,0.000000,-0.685493,-0.000580,0.728079,0.000000,0.084102,0.000000,0.000000,1.000000;;
           }

           Frame Bip01_L_Finger1Nub {
            

            FrameTransformMatrix {
             1.000000,0.000000,0.000000,0.000000,-0.000000,1.000000,0.000000,0.000000,-0.000000,0.000000,1.000000,0.000000,0.047988,-0.000000,0.000000,1.000000;;
            }
           }
          }
         }
        }
       }
      }

      Frame Bip01_R_Clavicle {
       

       FrameTransformMatrix {
        -0.028509,-0.999573,-0.006461,0.000000,-0.965665,0.025871,0.258498,0.000000,-0.258220,0.013609,-0.965990,0.000000,-0.024080,-0.016250,0.001399,1.000000;;
       }

       Frame Bip01_R_UpperArm {
        

        FrameTransformMatrix {
         0.221390,0.975047,0.016433,0.000000,-0.974986,0.221654,-0.016512,0.000000,-0.019742,-0.012366,0.999728,0.000000,0.073469,0.000000,-0.000000,1.000000;;
        }

        Frame Bip01_R_Forearm {
         

         FrameTransformMatrix {
          0.915660,-0.000000,-0.401954,0.000000,-0.000000,1.000000,-0.000000,0.000000,0.401954,-0.000000,0.915660,0.000000,0.148340,0.000000,-0.000000,1.000000;;
         }

         Frame Bip01_R_Hand {
          

          FrameTransformMatrix {
           0.975195,-0.000000,-0.221346,0.000000,-0.221346,0.000796,-0.975195,0.000000,0.000176,1.000000,0.000777,0.000000,0.131860,0.000000,0.000000,1.000000;;
          }

          Frame Bip01_R_Finger0 {
           

           FrameTransformMatrix {
            0.417774,-0.116941,0.900994,0.000000,-0.558537,0.749101,0.356210,0.000000,-0.716591,-0.652054,0.247639,0.000000,0.057681,0.023605,-0.000272,1.000000;;
           }

           Frame Bip01_R_Finger0Nub {
            

            FrameTransformMatrix {
             -1.000000,0.000000,0.000000,0.000000,0.000000,1.000000,-0.000000,0.000000,0.000000,0.000000,-1.000000,0.000000,0.029435,0.000000,-0.000000,1.000000;;
            }
           }
          }

          Frame Bip01_R_Finger1 {
           

           FrameTransformMatrix {
            0.352436,0.000745,0.935835,0.000000,-0.000000,1.000000,-0.000796,0.000000,-0.935836,0.000281,0.352436,0.000000,0.084102,-0.000000,0.000000,1.000000;;
           }

           Frame Bip01_R_Finger1Nub {
            

            FrameTransformMatrix {
             -1.000000,0.000000,0.000000,0.000000,0.000000,1.000000,-0.000000,0.000000,-0.000000,0.000000,-1.000000,0.000000,0.047988,0.000000,-0.000000,1.000000;;
            }
           }
          }
         }
        }
       }
      }
     }

     Frame Bip01_BackPack {
      

      FrameTransformMatrix {
       0.180560,0.080500,-0.980264,0.000000,0.047560,0.994764,0.090451,0.000000,0.982413,-0.062954,0.175786,0.000000,0.063697,0.000003,-0.088856,1.000000;;
      }

      Frame Bip01_BackPackNub {
       

       FrameTransformMatrix {
        0.000796,0.000003,1.000000,0.000000,0.000000,-1.000000,0.000003,0.000000,1.000000,-0.000000,-0.000796,0.000000,0.053240,0.000000,0.000000,1.000000;;
       }
      }
     }
    }

    Frame Bip01_L_Thigh {
     

     FrameTransformMatrix {
      -0.888504,0.030427,0.457858,0.000000,-0.032107,-0.999476,0.004114,0.000000,0.457744,-0.011045,0.889016,0.000000,-0.050843,0.055225,-0.008917,1.000000;;
     }

     Frame Bip01_L_Calf {
      

      FrameTransformMatrix {
       0.942235,-0.000000,-0.334952,0.000000,-0.000000,1.000000,-0.000000,0.000000,0.334952,-0.000000,0.942235,0.000000,0.237500,0.000000,-0.000000,1.000000;;
      }

      Frame Bip01_L_Foot {
       

       FrameTransformMatrix {
        0.924325,-0.026487,0.380687,0.000000,-0.068962,0.969570,0.234901,0.000000,-0.375325,-0.243378,0.894371,0.000000,0.206841,0.000000,0.000000,1.000000;;
       }

       Frame Bip01_L_Toe0 {
        

        FrameTransformMatrix {
         0.000000,0.000000,1.000000,0.000000,0.000000,1.000000,-0.000000,0.000000,-1.000000,0.000000,0.000000,0.000000,0.065373,0.000000,0.066450,1.000000;;
        }

        Frame Bip01_L_Toe0Nub {
         

         FrameTransformMatrix {
          -1.000000,0.000000,0.000000,0.000000,0.000000,1.000000,0.000000,0.000000,0.000000,0.000000,-1.000000,0.000000,0.006735,-0.000000,0.000000,1.000000;;
         }
        }
       }
      }
     }
    }

    Frame Bip01_R_Thigh {
     

     FrameTransformMatrix {
      -0.996965,0.030321,-0.071704,0.000000,-0.029454,-0.999480,-0.013113,0.000000,-0.072065,-0.010961,0.997340,0.000000,-0.050843,-0.055225,-0.008917,1.000000;;
     }

     Frame Bip01_R_Calf {
      

      FrameTransformMatrix {
       0.730239,0.000000,-0.683192,0.000000,0.000000,1.000000,0.000000,0.000000,0.683192,0.000000,0.730239,0.000000,0.237500,0.000000,0.000000,1.000000;;
      }

      Frame Bip01_R_Foot {
       

       FrameTransformMatrix {
        0.991957,0.087165,-0.091782,0.000000,-0.093276,0.993546,-0.064539,0.000000,0.085565,0.072581,0.993685,0.000000,0.206841,0.000000,0.000000,1.000000;;
       }

       Frame Bip01_R_Toe0 {
        

        FrameTransformMatrix {
         0.000000,0.000000,1.000000,0.000000,0.000000,1.000000,-0.000000,0.000000,-1.000000,0.000000,0.000000,0.000000,0.065373,0.000000,0.066450,1.000000;;
        }

        Frame Bip01_R_Toe0Nub {
         

         FrameTransformMatrix {
          1.000000,0.000000,0.000000,0.000000,0.000000,1.000000,-0.000000,0.000000,-0.000000,-0.000000,1.000000,0.000000,0.006735,-0.000000,0.000000,1.000000;;
         }
        }
       }
      }
     }
    }
   }

   Frame Bip01_DressFront {
    

    FrameTransformMatrix {
     -0.880185,-0.088339,0.466338,0.000000,0.121847,0.907542,0.401896,0.000000,-0.458725,0.410564,-0.788041,0.000000,-0.043935,0.001339,0.061057,1.000000;;
    }

    Frame Bip01_DressFront02 {
     

     FrameTransformMatrix {
      0.912593,0.000001,0.408870,0.000000,-0.000001,1.000000,-0.000000,0.000000,-0.408870,-0.000000,0.912593,0.000000,0.183378,-0.000000,-0.000120,1.000000;;
     }

     Frame Bip01_DressFrontNub {
      

      FrameTransformMatrix {
       0.000796,0.000003,1.000000,0.000000,0.000000,-1.000000,0.000003,0.000000,1.000000,0.000000,-0.000796,0.000000,0.165302,0.000000,0.000000,1.000000;;
      }
     }
    }
   }

   Frame Bip01_DressBack {
    

    FrameTransformMatrix {
     -0.886023,0.038029,0.462080,0.000000,0.191625,0.937561,0.290274,0.000000,-0.422190,0.345735,-0.837988,0.000000,-0.047673,-0.000048,-0.078302,1.000000;;
    }

    Frame Bip01_DressBack02 {
     

     FrameTransformMatrix {
      0.936852,0.174932,-0.302833,0.000000,-0.166408,0.984581,0.053939,0.000000,0.307600,-0.000139,0.951516,0.000000,0.176125,0.000000,-0.000103,1.000000;;
     }

     Frame Bip01_DressBackNub {
      

      FrameTransformMatrix {
       0.000796,0.000003,1.000000,0.000000,0.000000,-1.000000,0.000003,0.000000,1.000000,0.000000,-0.000796,0.000000,0.136508,0.000000,0.000000,1.000000;;
      }
     }
    }
   }
  }

  Frame Bip01_Prop1 {
   

   FrameTransformMatrix {
    -0.233929,-0.108090,0.966227,0.000000,0.687222,0.684611,0.242967,0.000000,-0.687752,0.720849,-0.085868,0.000000,0.072994,-0.055506,-0.134034,1.000000;;
   }
  }

  Frame Bip01_Prop2 {
   

   FrameTransformMatrix {
    -0.163643,-0.967062,0.194966,0.000000,0.985576,-0.168906,-0.010564,0.000000,0.043147,0.190425,0.980753,0.000000,-0.140709,-0.103585,0.102365,1.000000;;
   }
  }
 }
}

Frame Translation_Data {
 

 FrameTransformMatrix {
  1.000000,0.000000,0.000000,0.000000,0.000000,-0.000000,-1.000000,0.000000,0.000000,1.000000,-0.000000,0.000000,0.000000,0.000000,0.000000,1.000000;;
 }
}

Frame Kate_Hazmat {
 

 FrameTransformMatrix {
  1.000000,0.000000,0.000000,0.000000,0.000000,1.000000,0.000000,0.000000,0.000000,0.000000,1.000000,0.000000,0.000000,0.000000,0.000000,1.000000;;
 }

 Mesh Kate_Hazmat {
  1479;
  0.043185;0.715481;-0.063479;,
  0.078994;0.729281;-0.031997;,
  0.072808;0.750977;-0.028444;,
  0.083869;0.708201;-0.031059;,
  0.053570;0.680533;-0.069120;,
  0.075950;0.683204;-0.019751;,
  0.078572;0.769671;0.062470;,
  0.046477;0.791661;0.058127;,
  0.072456;0.779459;0.026281;,
  0.090787;0.550174;0.037339;,
  0.041324;0.551041;0.078643;,
  0.041797;0.558579;0.073429;,
  0.083221;0.557615;0.036086;,
  0.073242;0.547023;-0.029158;,
  0.089352;0.524175;-0.006928;,
  0.033687;0.537065;-0.058326;,
  0.028959;0.480762;-0.042930;,
  0.063447;0.494694;-0.036402;,
  0.001855;0.718228;-0.076968;,
  -0.003243;0.683819;-0.076141;,
  -0.003046;0.547707;0.083260;,
  -0.003469;0.557346;0.076740;,
  0.045292;0.639290;0.078421;,
  -0.008974;0.642332;0.082498;,
  -0.011109;0.682811;0.089110;,
  0.048646;0.680785;0.087777;,
  0.043111;0.466142;-0.052987;,
  0.041569;0.390810;-0.105728;,
  0.092017;0.372262;-0.080330;,
  0.091196;0.454631;-0.014257;,
  0.035382;0.300377;-0.152065;,
  0.081063;0.281603;-0.105889;,
  -0.004142;0.445654;-0.021730;,
  0.004580;0.433043;0.090765;,
  0.001954;0.331944;0.006667;,
  -0.015239;0.374535;-0.072866;,
  0.011050;0.267197;-0.052029;,
  0.000695;0.281611;-0.101936;,
  0.088924;0.424550;0.050743;,
  0.097507;0.336849;-0.010437;,
  0.067185;0.269123;-0.055280;,
  0.065420;0.001533;-0.157811;,
  0.004935;0.008301;-0.169299;,
  0.003084;-0.018405;-0.119148;,
  0.049919;-0.022251;-0.112772;,
  0.039309;0.233682;-0.143220;,
  0.034840;0.163223;-0.154948;,
  0.078255;0.153445;-0.123810;,
  0.083202;0.227849;-0.111877;,
  0.037757;0.095520;-0.159898;,
  0.068939;0.074891;-0.125590;,
  -0.007538;0.209788;-0.105520;,
  -0.001671;0.216649;-0.041821;,
  0.001672;0.150161;-0.064482;,
  -0.003100;0.153141;-0.120460;,
  0.015682;0.074277;-0.093174;,
  0.008231;0.073893;-0.134299;,
  0.086831;0.223534;-0.048762;,
  0.081133;0.148486;-0.072419;,
  0.055347;0.078580;-0.090682;,
  0.092104;0.495094;0.003247;,
  -0.015379;0.475622;-0.047932;,
  -0.012802;0.442313;-0.034426;,
  -0.004142;0.445654;-0.021730;,
  0.097595;0.492976;0.064918;,
  0.042572;0.499212;0.099476;,
  0.089234;0.433344;0.054413;,
  0.040808;0.445698;0.096126;,
  0.042862;0.594600;0.073064;,
  0.073059;0.636621;0.059454;,
  0.080217;0.642223;0.039005;,
  0.075719;0.646927;-0.019122;,
  0.069891;0.596365;-0.027322;,
  0.073246;0.592754;0.035075;,
  0.051446;0.645869;-0.067768;,
  0.041394;0.594429;-0.056839;,
  -0.006463;0.647566;-0.076661;,
  -0.013505;0.591498;-0.064283;,
  0.117183;0.686603;-0.006305;,
  0.053253;0.687392;-0.004072;,
  0.127218;0.641344;0.026771;,
  0.055194;0.634484;0.027154;,
  0.065436;0.592932;0.058967;,
  0.126287;0.598955;0.058514;,
  0.057533;0.714126;0.059831;,
  0.051755;0.675620;0.095038;,
  0.055194;0.634484;0.027154;,
  0.062017;0.627715;0.115978;,
  0.065436;0.592932;0.058967;,
  0.070183;0.718952;0.070963;,
  0.115246;0.730151;0.060941;,
  0.123662;0.682721;0.094520;,
  0.122473;0.633455;0.115683;,
  0.127445;0.712824;0.022026;,
  0.132256;0.575503;0.060933;,
  0.062790;0.566193;0.063853;,
  0.082089;0.510500;0.085564;,
  0.130217;0.519543;0.082149;,
  0.088794;0.479374;0.100063;,
  0.129543;0.478504;0.100944;,
  0.062790;0.566193;0.063853;,
  0.060925;0.596096;0.132934;,
  0.090482;0.537326;0.149690;,
  0.082089;0.510500;0.085564;,
  0.097142;0.496297;0.151943;,
  0.088794;0.479374;0.100063;,
  0.130005;0.605875;0.130120;,
  0.128525;0.544826;0.145973;,
  0.128801;0.494565;0.149926;,
  0.084592;0.349487;0.132353;,
  0.071044;0.377693;0.120437;,
  0.075867;0.412839;0.171490;,
  0.089180;0.384200;0.182593;,
  0.075455;0.397577;0.112263;,
  0.083117;0.390855;0.131013;,
  0.101277;0.383692;0.125038;,
  0.088520;0.387362;0.099944;,
  0.082168;0.459757;0.159756;,
  0.098212;0.427222;0.172853;,
  0.102228;0.420473;0.117497;,
  0.082037;0.443280;0.099171;,
  0.134894;0.463974;0.161446;,
  0.128674;0.417058;0.176416;,
  0.136249;0.446510;0.095929;,
  0.134141;0.404247;0.115241;,
  0.104490;0.767441;0.033474;,
  0.114102;0.762259;0.001484;,
  0.072456;0.779459;0.026281;,
  0.075621;0.777034;-0.002644;,
  0.076835;0.682744;0.069777;,
  0.075621;0.777034;-0.002644;,
  0.101586;0.749561;-0.027196;,
  0.072808;0.750977;-0.028444;,
  0.078994;0.729281;-0.031997;,
  0.099239;0.719961;-0.026510;,
  0.088733;0.730067;0.069368;,
  0.048481;0.724687;0.084354;,
  0.091038;0.731964;0.067189;,
  -0.010844;0.720682;0.084071;,
  -0.004229;0.792675;0.060825;,
  0.078572;0.769671;0.062470;,
  0.091038;0.731964;0.067189;,
  0.076754;0.705338;0.005600;,
  0.082794;0.719209;0.052774;,
  0.053253;0.687392;-0.004072;,
  0.082683;0.681821;0.029502;,
  0.077348;0.678582;-0.003499;,
  0.083869;0.708201;-0.031059;,
  0.073547;0.690551;0.046925;,
  0.082037;0.443280;0.099171;,
  0.047053;0.827774;0.046073;,
  0.072900;0.815109;-0.002068;,
  0.000016;0.830543;0.050112;,
  0.134141;0.404247;0.115241;,
  0.084592;0.349487;0.132353;,
  0.089180;0.384200;0.182593;,
  0.075619;0.422033;0.105779;,
  0.110351;0.403536;0.087983;,
  0.075619;0.422033;0.105779;,
  0.092761;0.412737;0.128255;,
  0.123586;0.400567;0.115913;,
  0.123586;0.400567;0.115913;,
  0.075455;0.397577;0.112263;,
  0.088520;0.387362;0.099944;,
  0.101277;0.383692;0.125038;,
  0.086696;0.073938;-0.207446;,
  0.054784;0.097452;-0.250795;,
  0.058139;0.073922;-0.273464;,
  0.093415;0.047709;-0.229883;,
  0.002168;0.028277;-0.103684;,
  0.003084;-0.018405;-0.119148;,
  0.004935;0.008301;-0.169299;,
  0.000097;0.040158;-0.154598;,
  0.015682;0.074277;-0.093174;,
  0.055347;0.078580;-0.090682;,
  0.056867;0.022265;-0.097927;,
  0.065420;0.001533;-0.157811;,
  0.049919;-0.022251;-0.112772;,
  0.070656;0.040438;-0.136531;,
  0.037757;0.095520;-0.159898;,
  0.068939;0.074891;-0.125590;,
  0.009414;0.071494;-0.267427;,
  0.015010;0.090807;-0.244440;,
  0.093415;0.047709;-0.229883;,
  0.009414;0.071494;-0.267427;,
  -0.015239;0.374535;-0.072866;,
  0.000695;0.281611;-0.101936;,
  -0.007538;0.209788;-0.105520;,
  -0.003100;0.153141;-0.120460;,
  0.008231;0.073893;-0.134299;,
  0.008231;0.073893;-0.134299;,
  -0.009331;0.430185;0.019553;,
  0.067087;0.790526;-0.038077;,
  0.075621;0.777034;-0.002644;,
  0.072900;0.815109;-0.002068;,
  0.043443;0.748129;-0.065589;,
  0.043185;0.715481;-0.063479;,
  -0.015362;0.536091;-0.059348;,
  -0.001810;0.503801;0.104964;,
  -0.002062;0.457864;0.104191;,
  -0.004032;0.432500;0.093169;,
  0.039077;0.783324;-0.074048;,
  0.002511;0.780847;-0.091182;,
  0.003900;0.741186;-0.082582;,
  -0.009331;0.430185;0.019553;,
  -0.007062;0.595593;0.078147;,
  0.058139;0.073922;-0.273464;,
  0.082794;0.719209;0.052774;,
  0.082314;0.707225;0.021300;,
  0.076754;0.705338;0.005600;,
  0.083869;0.708201;-0.031059;,
  0.082314;0.707225;0.021300;,
  -0.040822;0.720382;-0.069947;,
  -0.070463;0.766151;-0.041272;,
  -0.078545;0.746140;-0.046804;,
  -0.086660;0.725570;-0.048244;,
  -0.084407;0.695248;-0.033064;,
  -0.058686;0.687938;-0.075505;,
  -0.084615;0.782939;0.047689;,
  -0.069207;0.793095;0.013537;,
  -0.052586;0.798456;0.049827;,
  -0.103246;0.552988;0.054080;,
  -0.097360;0.560678;0.049968;,
  -0.050696;0.560148;0.080538;,
  -0.047437;0.552329;0.086301;,
  -0.097899;0.549950;-0.016093;,
  -0.110235;0.527043;0.009943;,
  -0.063625;0.538731;-0.050903;,
  -0.090635;0.496241;-0.023433;,
  -0.058152;0.481466;-0.035573;,
  -0.003469;0.557346;0.076740;,
  -0.003046;0.547707;0.083260;,
  -0.063207;0.643466;0.077823;,
  -0.069285;0.686709;0.081824;,
  -0.011109;0.682811;0.089110;,
  -0.008974;0.642332;0.082498;,
  -0.072729;0.444708;-0.032360;,
  -0.112752;0.449792;0.016739;,
  -0.115489;0.345858;0.012106;,
  -0.071352;0.347818;-0.027670;,
  -0.101341;0.254904;0.035125;,
  -0.065953;0.238871;-0.018642;,
  -0.018707;0.442168;-0.015397;,
  -0.008944;0.350360;-0.001771;,
  -0.009874;0.355695;0.089911;,
  -0.012755;0.427824;0.087164;,
  -0.022015;0.255840;0.021069;,
  -0.023421;0.277200;0.070089;,
  -0.107005;0.352148;0.089936;,
  -0.097840;0.440123;0.089007;,
  -0.079359;0.277774;0.076058;,
  -0.068232;0.077482;0.249966;,
  -0.055023;0.119667;0.279637;,
  -0.007902;0.115487;0.276312;,
  -0.007211;0.069086;0.243477;,
  -0.059735;0.195075;0.046107;,
  -0.098477;0.219167;0.075462;,
  -0.087134;0.166458;0.128338;,
  -0.049260;0.144820;0.095973;,
  -0.070878;0.119597;0.184820;,
  -0.042147;0.094861;0.151534;,
  -0.005875;0.203749;0.062432;,
  -0.006438;0.165640;0.117496;,
  -0.003811;0.209882;0.152150;,
  -0.004796;0.264875;0.108936;,
  -0.010210;0.110353;0.180628;,
  -0.016112;0.148829;0.195603;,
  -0.083001;0.205735;0.161717;,
  -0.093683;0.268429;0.115030;,
  -0.055050;0.152555;0.197191;,
  -0.111993;0.497588;0.020801;,
  -0.018707;0.442168;-0.015397;,
  -0.046170;0.505751;0.108416;,
  -0.106309;0.501163;0.084509;,
  -0.045198;0.455221;0.111014;,
  -0.097956;0.449057;0.089282;,
  -0.057224;0.597260;0.077077;,
  -0.092376;0.643295;0.057365;,
  -0.099226;0.649989;0.034723;,
  -0.091339;0.597127;0.041674;,
  -0.086784;0.600175;-0.019690;,
  -0.091534;0.654297;-0.023613;,
  -0.065641;0.597566;-0.053672;,
  -0.064579;0.650949;-0.070761;,
  -0.124314;0.724887;-0.047518;,
  -0.140979;0.671712;-0.041486;,
  -0.061532;0.717815;-0.041545;,
  -0.145483;0.620479;-0.035902;,
  -0.085451;0.608890;-0.036889;,
  -0.069940;0.658056;-0.042789;,
  -0.069671;0.711994;0.028912;,
  -0.069940;0.658056;-0.042789;,
  -0.068711;0.657773;0.037104;,
  -0.085451;0.608890;-0.036889;,
  -0.084358;0.606554;0.029714;,
  -0.082678;0.712841;0.039117;,
  -0.139618;0.671625;0.038395;,
  -0.124636;0.736090;0.031282;,
  -0.144034;0.617758;0.030690;,
  -0.133921;0.736998;-0.012777;,
  -0.152806;0.601829;-0.047672;,
  -0.156209;0.543965;-0.061794;,
  -0.109173;0.529950;-0.062590;,
  -0.084584;0.585512;-0.048155;,
  -0.159518;0.500605;-0.070630;,
  -0.118724;0.498448;-0.068928;,
  -0.084584;0.585512;-0.048155;,
  -0.109173;0.529950;-0.062590;,
  -0.121768;0.514652;0.004258;,
  -0.086950;0.570321;0.025814;,
  -0.118724;0.498448;-0.068928;,
  -0.131284;0.479625;-0.019191;,
  -0.158822;0.526682;0.004326;,
  -0.154749;0.586997;0.026657;,
  -0.162525;0.483406;-0.022606;,
  -0.101257;0.406785;-0.126543;,
  -0.120351;0.393009;-0.069591;,
  -0.119758;0.423359;-0.055476;,
  -0.100263;0.437485;-0.113214;,
  -0.103472;0.441056;-0.096034;,
  -0.108713;0.438602;-0.115866;,
  -0.126589;0.419255;-0.103403;,
  -0.113965;0.423287;-0.087874;,
  -0.118825;0.443553;-0.040982;,
  -0.112555;0.477222;-0.093508;,
  -0.137084;0.453505;-0.093751;,
  -0.138635;0.414540;-0.057342;,
  -0.168011;0.407044;-0.064831;,
  -0.171298;0.450678;-0.039084;,
  -0.165361;0.485268;-0.097742;,
  -0.162957;0.442335;-0.113693;,
  -0.105697;0.787012;0.015677;,
  -0.109739;0.788096;-0.018437;,
  -0.071523;0.790578;-0.014991;,
  -0.069207;0.793095;0.013537;,
  -0.096071;0.691529;0.060667;,
  -0.071523;0.790578;-0.014991;,
  -0.096070;0.773995;-0.045774;,
  -0.100683;0.742858;-0.047062;,
  -0.078545;0.746140;-0.046804;,
  -0.070463;0.766151;-0.041272;,
  -0.104173;0.739100;0.050075;,
  -0.105908;0.741674;0.047734;,
  -0.067678;0.730424;0.075255;,
  -0.010844;0.720682;0.084071;,
  -0.004229;0.792675;0.060825;,
  -0.084615;0.782939;0.047689;,
  -0.105908;0.741674;0.047734;,
  -0.085598;0.719975;-0.011586;,
  -0.061532;0.717815;-0.041545;,
  -0.096226;0.727711;0.031525;,
  -0.090037;0.687498;-0.012049;,
  -0.097827;0.690993;0.019991;,
  -0.086660;0.725570;-0.048244;,
  -0.089096;0.698283;0.034637;,
  -0.112555;0.477222;-0.093508;,
  -0.067041;0.819110;-0.007570;,
  -0.045284;0.829397;0.042750;,
  0.000016;0.830543;0.050112;,
  -0.162957;0.442335;-0.113693;,
  -0.101257;0.406785;-0.126543;,
  -0.120351;0.393009;-0.069591;,
  -0.132195;0.458304;-0.126224;,
  -0.109086;0.464707;-0.089015;,
  -0.109086;0.464707;-0.089015;,
  -0.129358;0.442222;-0.086972;,
  -0.153039;0.439460;-0.113098;,
  -0.153039;0.439460;-0.113098;,
  -0.108713;0.438602;-0.115866;,
  -0.103472;0.441056;-0.096034;,
  -0.126589;0.419255;-0.103403;,
  -0.085921;0.036689;0.171342;,
  -0.092369;0.010890;0.194349;,
  -0.054851;-0.027750;0.163851;,
  -0.051834;-0.002182;0.143456;,
  -0.003739;0.129997;0.228381;,
  -0.002215;0.087861;0.213864;,
  -0.007211;0.069086;0.243477;,
  -0.007902;0.115487;0.276312;,
  -0.016112;0.148829;0.195603;,
  -0.061519;0.139773;0.237164;,
  -0.055050;0.152555;0.197191;,
  -0.068232;0.077482;0.249966;,
  -0.072720;0.101328;0.213541;,
  -0.055023;0.119667;0.279637;,
  -0.042147;0.094861;0.151534;,
  -0.070878;0.119597;0.184820;,
  -0.012497;0.004682;0.151939;,
  -0.006463;-0.020353;0.168359;,
  -0.006463;-0.020353;0.168359;,
  -0.092369;0.010890;0.194349;,
  -0.008944;0.350360;-0.001771;,
  -0.022015;0.255840;0.021069;,
  -0.005875;0.203749;0.062432;,
  -0.006438;0.165640;0.117496;,
  -0.010210;0.110353;0.180628;,
  -0.010210;0.110353;0.180628;,
  -0.059932;0.794336;-0.042263;,
  -0.067041;0.819110;-0.007570;,
  -0.071523;0.790578;-0.014991;,
  -0.034284;0.750701;-0.073007;,
  -0.001810;0.503801;0.104964;,
  -0.002062;0.457864;0.104191;,
  -0.004032;0.432500;0.093169;,
  -0.033265;0.783361;-0.074587;,
  -0.009331;0.430185;0.019553;,
  -0.007062;0.595593;0.078147;,
  -0.054851;-0.027750;0.163851;,
  -0.096226;0.727711;0.031525;,
  -0.093488;0.719191;0.005916;,
  -0.085598;0.719975;-0.011586;,
  -0.086660;0.725570;-0.048244;,
  -0.093488;0.719191;0.005916;,
  0.043185;0.715481;-0.063479;,
  0.043185;0.715481;-0.063479;,
  0.043185;0.715481;-0.063479;,
  0.043185;0.715481;-0.063479;,
  0.043185;0.715481;-0.063479;,
  0.043185;0.715481;-0.063479;,
  0.043185;0.715481;-0.063479;,
  0.078994;0.729281;-0.031997;,
  0.072808;0.750977;-0.028444;,
  0.072808;0.750977;-0.028444;,
  0.072808;0.750977;-0.028444;,
  0.072808;0.750977;-0.028444;,
  0.083869;0.708201;-0.031059;,
  0.083869;0.708201;-0.031059;,
  0.083869;0.708201;-0.031059;,
  0.053570;0.680533;-0.069120;,
  0.053570;0.680533;-0.069120;,
  0.053570;0.680533;-0.069120;,
  0.053570;0.680533;-0.069120;,
  0.053570;0.680533;-0.069120;,
  0.075950;0.683204;-0.019751;,
  0.075950;0.683204;-0.019751;,
  0.075950;0.683204;-0.019751;,
  0.075950;0.683204;-0.019751;,
  0.075950;0.683204;-0.019751;,
  0.078572;0.769671;0.062470;,
  0.078572;0.769671;0.062470;,
  0.046477;0.791661;0.058127;,
  0.046477;0.791661;0.058127;,
  0.046477;0.791661;0.058127;,
  0.046477;0.791661;0.058127;,
  0.046477;0.791661;0.058127;,
  0.046477;0.791661;0.058127;,
  0.046477;0.791661;0.058127;,
  0.046477;0.791661;0.058127;,
  0.072456;0.779459;0.026281;,
  0.090787;0.550174;0.037339;,
  0.090787;0.550174;0.037339;,
  0.090787;0.550174;0.037339;,
  0.090787;0.550174;0.037339;,
  0.090787;0.550174;0.037339;,
  0.090787;0.550174;0.037339;,
  0.041324;0.551041;0.078643;,
  0.041324;0.551041;0.078643;,
  0.041324;0.551041;0.078643;,
  0.041324;0.551041;0.078643;,
  0.041324;0.551041;0.078643;,
  0.041797;0.558579;0.073429;,
  0.041797;0.558579;0.073429;,
  0.041797;0.558579;0.073429;,
  0.041797;0.558579;0.073429;,
  0.041797;0.558579;0.073429;,
  0.083221;0.557615;0.036086;,
  0.083221;0.557615;0.036086;,
  0.083221;0.557615;0.036086;,
  0.083221;0.557615;0.036086;,
  0.083221;0.557615;0.036086;,
  0.073242;0.547023;-0.029158;,
  0.073242;0.547023;-0.029158;,
  0.073242;0.547023;-0.029158;,
  0.073242;0.547023;-0.029158;,
  0.073242;0.547023;-0.029158;,
  0.073242;0.547023;-0.029158;,
  0.089352;0.524175;-0.006928;,
  0.089352;0.524175;-0.006928;,
  0.089352;0.524175;-0.006928;,
  0.033687;0.537065;-0.058326;,
  0.033687;0.537065;-0.058326;,
  0.033687;0.537065;-0.058326;,
  0.033687;0.537065;-0.058326;,
  0.033687;0.537065;-0.058326;,
  0.028959;0.480762;-0.042930;,
  0.028959;0.480762;-0.042930;,
  0.028959;0.480762;-0.042930;,
  0.028959;0.480762;-0.042930;,
  0.028959;0.480762;-0.042930;,
  0.063447;0.494694;-0.036402;,
  0.063447;0.494694;-0.036402;,
  0.063447;0.494694;-0.036402;,
  0.063447;0.494694;-0.036402;,
  0.063447;0.494694;-0.036402;,
  0.063447;0.494694;-0.036402;,
  0.001855;0.718228;-0.076968;,
  0.001855;0.718228;-0.076968;,
  0.001855;0.718228;-0.076968;,
  0.001855;0.718228;-0.076968;,
  -0.003243;0.683819;-0.076141;,
  -0.003243;0.683819;-0.076141;,
  -0.003243;0.683819;-0.076141;,
  -0.003243;0.683819;-0.076141;,
  -0.003243;0.683819;-0.076141;,
  -0.003046;0.547707;0.083260;,
  -0.003046;0.547707;0.083260;,
  -0.003469;0.557346;0.076740;,
  -0.003469;0.557346;0.076740;,
  0.045292;0.639290;0.078421;,
  0.045292;0.639290;0.078421;,
  0.045292;0.639290;0.078421;,
  0.045292;0.639290;0.078421;,
  -0.008974;0.642332;0.082498;,
  -0.008974;0.642332;0.082498;,
  -0.011109;0.682811;0.089110;,
  -0.011109;0.682811;0.089110;,
  0.048646;0.680785;0.087777;,
  0.048646;0.680785;0.087777;,
  0.048646;0.680785;0.087777;,
  0.048646;0.680785;0.087777;,
  0.048646;0.680785;0.087777;,
  0.043111;0.466142;-0.052987;,
  0.043111;0.466142;-0.052987;,
  0.043111;0.466142;-0.052987;,
  0.043111;0.466142;-0.052987;,
  0.043111;0.466142;-0.052987;,
  0.043111;0.466142;-0.052987;,
  0.091196;0.454631;-0.014257;,
  0.091196;0.454631;-0.014257;,
  0.091196;0.454631;-0.014257;,
  0.091196;0.454631;-0.014257;,
  0.091196;0.454631;-0.014257;,
  0.091196;0.454631;-0.014257;,
  0.035382;0.300377;-0.152065;,
  0.035382;0.300377;-0.152065;,
  0.035382;0.300377;-0.152065;,
  0.035382;0.300377;-0.152065;,
  0.035382;0.300377;-0.152065;,
  0.081063;0.281603;-0.105889;,
  0.081063;0.281603;-0.105889;,
  0.081063;0.281603;-0.105889;,
  0.081063;0.281603;-0.105889;,
  0.081063;0.281603;-0.105889;,
  -0.004142;0.445654;-0.021730;,
  -0.004142;0.445654;-0.021730;,
  0.004580;0.433043;0.090765;,
  0.004580;0.433043;0.090765;,
  0.004580;0.433043;0.090765;,
  0.004580;0.433043;0.090765;,
  0.004580;0.433043;0.090765;,
  0.004580;0.433043;0.090765;,
  0.004580;0.433043;0.090765;,
  0.011050;0.267197;-0.052029;,
  0.011050;0.267197;-0.052029;,
  0.011050;0.267197;-0.052029;,
  0.011050;0.267197;-0.052029;,
  0.011050;0.267197;-0.052029;,
  0.000695;0.281611;-0.101936;,
  0.088924;0.424550;0.050743;,
  0.088924;0.424550;0.050743;,
  0.088924;0.424550;0.050743;,
  0.088924;0.424550;0.050743;,
  0.088924;0.424550;0.050743;,
  0.067185;0.269123;-0.055280;,
  0.067185;0.269123;-0.055280;,
  0.067185;0.269123;-0.055280;,
  0.067185;0.269123;-0.055280;,
  0.067185;0.269123;-0.055280;,
  0.067185;0.269123;-0.055280;,
  0.037757;0.095520;-0.159898;,
  0.037757;0.095520;-0.159898;,
  0.068939;0.074891;-0.125590;,
  0.068939;0.074891;-0.125590;,
  0.068939;0.074891;-0.125590;,
  -0.007538;0.209788;-0.105520;,
  -0.007538;0.209788;-0.105520;,
  -0.007538;0.209788;-0.105520;,
  -0.001671;0.216649;-0.041821;,
  -0.001671;0.216649;-0.041821;,
  -0.001671;0.216649;-0.041821;,
  -0.001671;0.216649;-0.041821;,
  -0.001671;0.216649;-0.041821;,
  0.015682;0.074277;-0.093174;,
  0.015682;0.074277;-0.093174;,
  0.055347;0.078580;-0.090682;,
  0.055347;0.078580;-0.090682;,
  0.092104;0.495094;0.003247;,
  0.092104;0.495094;0.003247;,
  0.092104;0.495094;0.003247;,
  0.092104;0.495094;0.003247;,
  -0.015379;0.475622;-0.047932;,
  -0.015379;0.475622;-0.047932;,
  -0.015379;0.475622;-0.047932;,
  -0.015379;0.475622;-0.047932;,
  -0.015379;0.475622;-0.047932;,
  -0.012802;0.442313;-0.034426;,
  -0.012802;0.442313;-0.034426;,
  -0.012802;0.442313;-0.034426;,
  -0.004142;0.445654;-0.021730;,
  -0.004142;0.445654;-0.021730;,
  -0.004142;0.445654;-0.021730;,
  -0.004142;0.445654;-0.021730;,
  0.097595;0.492976;0.064918;,
  0.097595;0.492976;0.064918;,
  0.097595;0.492976;0.064918;,
  0.097595;0.492976;0.064918;,
  0.097595;0.492976;0.064918;,
  0.042572;0.499212;0.099476;,
  0.042572;0.499212;0.099476;,
  0.042572;0.499212;0.099476;,
  0.042572;0.499212;0.099476;,
  0.042572;0.499212;0.099476;,
  0.042572;0.499212;0.099476;,
  0.089234;0.433344;0.054413;,
  0.089234;0.433344;0.054413;,
  0.089234;0.433344;0.054413;,
  0.089234;0.433344;0.054413;,
  0.040808;0.445698;0.096126;,
  0.040808;0.445698;0.096126;,
  0.040808;0.445698;0.096126;,
  0.040808;0.445698;0.096126;,
  0.042862;0.594600;0.073064;,
  0.042862;0.594600;0.073064;,
  0.042862;0.594600;0.073064;,
  0.042862;0.594600;0.073064;,
  0.042862;0.594600;0.073064;,
  0.042862;0.594600;0.073064;,
  0.073059;0.636621;0.059454;,
  0.073059;0.636621;0.059454;,
  0.073059;0.636621;0.059454;,
  0.073059;0.636621;0.059454;,
  0.073059;0.636621;0.059454;,
  0.080217;0.642223;0.039005;,
  0.080217;0.642223;0.039005;,
  0.080217;0.642223;0.039005;,
  0.080217;0.642223;0.039005;,
  0.080217;0.642223;0.039005;,
  0.080217;0.642223;0.039005;,
  0.075719;0.646927;-0.019122;,
  0.075719;0.646927;-0.019122;,
  0.075719;0.646927;-0.019122;,
  0.075719;0.646927;-0.019122;,
  0.075719;0.646927;-0.019122;,
  0.069891;0.596365;-0.027322;,
  0.069891;0.596365;-0.027322;,
  0.069891;0.596365;-0.027322;,
  0.069891;0.596365;-0.027322;,
  0.069891;0.596365;-0.027322;,
  0.069891;0.596365;-0.027322;,
  0.073246;0.592754;0.035075;,
  0.073246;0.592754;0.035075;,
  0.073246;0.592754;0.035075;,
  0.073246;0.592754;0.035075;,
  0.051446;0.645869;-0.067768;,
  0.051446;0.645869;-0.067768;,
  0.051446;0.645869;-0.067768;,
  0.051446;0.645869;-0.067768;,
  0.051446;0.645869;-0.067768;,
  0.041394;0.594429;-0.056839;,
  0.041394;0.594429;-0.056839;,
  0.041394;0.594429;-0.056839;,
  0.041394;0.594429;-0.056839;,
  0.041394;0.594429;-0.056839;,
  -0.006463;0.647566;-0.076661;,
  -0.006463;0.647566;-0.076661;,
  -0.006463;0.647566;-0.076661;,
  -0.006463;0.647566;-0.076661;,
  -0.006463;0.647566;-0.076661;,
  -0.006463;0.647566;-0.076661;,
  -0.006463;0.647566;-0.076661;,
  -0.013505;0.591498;-0.064283;,
  -0.013505;0.591498;-0.064283;,
  -0.013505;0.591498;-0.064283;,
  -0.013505;0.591498;-0.064283;,
  -0.013505;0.591498;-0.064283;,
  0.117183;0.686603;-0.006305;,
  0.117183;0.686603;-0.006305;,
  0.117183;0.686603;-0.006305;,
  0.117183;0.686603;-0.006305;,
  0.053253;0.687392;-0.004072;,
  0.053253;0.687392;-0.004072;,
  0.053253;0.687392;-0.004072;,
  0.065436;0.592932;0.058967;,
  0.065436;0.592932;0.058967;,
  0.126287;0.598955;0.058514;,
  0.126287;0.598955;0.058514;,
  0.126287;0.598955;0.058514;,
  0.126287;0.598955;0.058514;,
  0.126287;0.598955;0.058514;,
  0.057533;0.714126;0.059831;,
  0.057533;0.714126;0.059831;,
  0.057533;0.714126;0.059831;,
  0.057533;0.714126;0.059831;,
  0.057533;0.714126;0.059831;,
  0.051755;0.675620;0.095038;,
  0.051755;0.675620;0.095038;,
  0.051755;0.675620;0.095038;,
  0.051755;0.675620;0.095038;,
  0.051755;0.675620;0.095038;,
  0.062017;0.627715;0.115978;,
  0.062017;0.627715;0.115978;,
  0.062017;0.627715;0.115978;,
  0.062017;0.627715;0.115978;,
  0.062017;0.627715;0.115978;,
  0.065436;0.592932;0.058967;,
  0.070183;0.718952;0.070963;,
  0.070183;0.718952;0.070963;,
  0.070183;0.718952;0.070963;,
  0.070183;0.718952;0.070963;,
  0.070183;0.718952;0.070963;,
  0.115246;0.730151;0.060941;,
  0.115246;0.730151;0.060941;,
  0.115246;0.730151;0.060941;,
  0.115246;0.730151;0.060941;,
  0.115246;0.730151;0.060941;,
  0.123662;0.682721;0.094520;,
  0.123662;0.682721;0.094520;,
  0.123662;0.682721;0.094520;,
  0.123662;0.682721;0.094520;,
  0.123662;0.682721;0.094520;,
  0.123662;0.682721;0.094520;,
  0.122473;0.633455;0.115683;,
  0.122473;0.633455;0.115683;,
  0.122473;0.633455;0.115683;,
  0.122473;0.633455;0.115683;,
  0.122473;0.633455;0.115683;,
  0.122473;0.633455;0.115683;,
  0.127445;0.712824;0.022026;,
  0.127445;0.712824;0.022026;,
  0.127445;0.712824;0.022026;,
  0.127445;0.712824;0.022026;,
  0.127445;0.712824;0.022026;,
  0.127445;0.712824;0.022026;,
  0.082089;0.510500;0.085564;,
  0.082089;0.510500;0.085564;,
  0.130217;0.519543;0.082149;,
  0.130217;0.519543;0.082149;,
  0.130217;0.519543;0.082149;,
  0.130217;0.519543;0.082149;,
  0.130217;0.519543;0.082149;,
  0.088794;0.479374;0.100063;,
  0.088794;0.479374;0.100063;,
  0.129543;0.478504;0.100944;,
  0.129543;0.478504;0.100944;,
  0.129543;0.478504;0.100944;,
  0.129543;0.478504;0.100944;,
  0.129543;0.478504;0.100944;,
  0.129543;0.478504;0.100944;,
  0.060925;0.596096;0.132934;,
  0.060925;0.596096;0.132934;,
  0.060925;0.596096;0.132934;,
  0.060925;0.596096;0.132934;,
  0.060925;0.596096;0.132934;,
  0.090482;0.537326;0.149690;,
  0.090482;0.537326;0.149690;,
  0.090482;0.537326;0.149690;,
  0.090482;0.537326;0.149690;,
  0.090482;0.537326;0.149690;,
  0.082089;0.510500;0.085564;,
  0.082089;0.510500;0.085564;,
  0.097142;0.496297;0.151943;,
  0.097142;0.496297;0.151943;,
  0.097142;0.496297;0.151943;,
  0.097142;0.496297;0.151943;,
  0.088794;0.479374;0.100063;,
  0.088794;0.479374;0.100063;,
  0.130005;0.605875;0.130120;,
  0.130005;0.605875;0.130120;,
  0.130005;0.605875;0.130120;,
  0.130005;0.605875;0.130120;,
  0.128525;0.544826;0.145973;,
  0.128525;0.544826;0.145973;,
  0.128525;0.544826;0.145973;,
  0.128525;0.544826;0.145973;,
  0.128525;0.544826;0.145973;,
  0.128801;0.494565;0.149926;,
  0.128801;0.494565;0.149926;,
  0.128801;0.494565;0.149926;,
  0.128801;0.494565;0.149926;,
  0.128801;0.494565;0.149926;,
  0.098212;0.427222;0.172853;,
  0.098212;0.427222;0.172853;,
  0.098212;0.427222;0.172853;,
  0.098212;0.427222;0.172853;,
  0.098212;0.427222;0.172853;,
  0.102228;0.420473;0.117497;,
  0.102228;0.420473;0.117497;,
  0.102228;0.420473;0.117497;,
  0.102228;0.420473;0.117497;,
  0.102228;0.420473;0.117497;,
  0.102228;0.420473;0.117497;,
  0.102228;0.420473;0.117497;,
  0.102228;0.420473;0.117497;,
  0.082037;0.443280;0.099171;,
  0.082037;0.443280;0.099171;,
  0.134894;0.463974;0.161446;,
  0.134894;0.463974;0.161446;,
  0.134894;0.463974;0.161446;,
  0.134894;0.463974;0.161446;,
  0.128674;0.417058;0.176416;,
  0.128674;0.417058;0.176416;,
  0.128674;0.417058;0.176416;,
  0.128674;0.417058;0.176416;,
  0.128674;0.417058;0.176416;,
  0.128674;0.417058;0.176416;,
  0.136249;0.446510;0.095929;,
  0.136249;0.446510;0.095929;,
  0.136249;0.446510;0.095929;,
  0.136249;0.446510;0.095929;,
  0.136249;0.446510;0.095929;,
  0.136249;0.446510;0.095929;,
  0.136249;0.446510;0.095929;,
  0.134141;0.404247;0.115241;,
  0.134141;0.404247;0.115241;,
  0.104490;0.767441;0.033474;,
  0.104490;0.767441;0.033474;,
  0.104490;0.767441;0.033474;,
  0.104490;0.767441;0.033474;,
  0.114102;0.762259;0.001484;,
  0.114102;0.762259;0.001484;,
  0.114102;0.762259;0.001484;,
  0.114102;0.762259;0.001484;,
  0.114102;0.762259;0.001484;,
  0.072456;0.779459;0.026281;,
  0.072456;0.779459;0.026281;,
  0.075621;0.777034;-0.002644;,
  0.076835;0.682744;0.069777;,
  0.076835;0.682744;0.069777;,
  0.076835;0.682744;0.069777;,
  0.076835;0.682744;0.069777;,
  0.076835;0.682744;0.069777;,
  0.076835;0.682744;0.069777;,
  0.075621;0.777034;-0.002644;,
  0.101586;0.749561;-0.027196;,
  0.101586;0.749561;-0.027196;,
  0.101586;0.749561;-0.027196;,
  0.101586;0.749561;-0.027196;,
  0.101586;0.749561;-0.027196;,
  0.072808;0.750977;-0.028444;,
  0.072808;0.750977;-0.028444;,
  0.078994;0.729281;-0.031997;,
  0.078994;0.729281;-0.031997;,
  0.099239;0.719961;-0.026510;,
  0.099239;0.719961;-0.026510;,
  0.099239;0.719961;-0.026510;,
  0.099239;0.719961;-0.026510;,
  0.088733;0.730067;0.069368;,
  0.088733;0.730067;0.069368;,
  0.088733;0.730067;0.069368;,
  0.088733;0.730067;0.069368;,
  0.088733;0.730067;0.069368;,
  0.048481;0.724687;0.084354;,
  0.048481;0.724687;0.084354;,
  0.048481;0.724687;0.084354;,
  0.048481;0.724687;0.084354;,
  0.091038;0.731964;0.067189;,
  -0.010844;0.720682;0.084071;,
  -0.010844;0.720682;0.084071;,
  -0.010844;0.720682;0.084071;,
  -0.004229;0.792675;0.060825;,
  -0.004229;0.792675;0.060825;,
  0.078572;0.769671;0.062470;,
  0.078572;0.769671;0.062470;,
  0.091038;0.731964;0.067189;,
  0.091038;0.731964;0.067189;,
  0.076754;0.705338;0.005600;,
  0.076754;0.705338;0.005600;,
  0.076754;0.705338;0.005600;,
  0.082794;0.719209;0.052774;,
  0.082794;0.719209;0.052774;,
  0.082794;0.719209;0.052774;,
  0.053253;0.687392;-0.004072;,
  0.053253;0.687392;-0.004072;,
  0.082683;0.681821;0.029502;,
  0.082683;0.681821;0.029502;,
  0.082683;0.681821;0.029502;,
