xof 0303txt 0032
template XSkinMeshHeader {
 <3cf169ce-ff7c-44ab-93c0-f78f62d172e2>
 WORD nMaxSkinWeightsPerVertex;
 WORD nMaxSkinWeightsPerFace;
 WORD nBones;
}

template VertexDuplicationIndices {
 <b8d65549-d7c9-4995-89cf-53a9a8b031e3>
 DWORD nIndices;
 DWORD nOriginalVertices;
 array DWORD indices[nIndices];
}

template SkinWeights {
 <6f0d123b-bad2-4167-a0d0-80224f25fabb>
 STRING transformNodeName;
 DWORD nWeights;
 array DWORD vertexIndices[nWeights];
 array FLOAT weights[nWeights];
 Matrix4x4 matrixOffset;
}

template AnimTicksPerSecond {
 <9e415a43-7ba6-4a73-8743-b73d47e88476>
 DWORD AnimTicksPerSecond;
}


AnimTicksPerSecond {
 4800;
}

Frame Dummy01 {
 

 FrameTransformMatrix {
  1.000000,0.000000,0.000000,0.000000,0.000000,-0.000000,-1.000000,0.000000,0.000000,1.000000,-0.000000,0.000000,0.000000,0.000000,0.000000,1.000000;;
 }

 Frame Bip01 {
  

  FrameTransformMatrix {
   -0.087155,0.982405,-0.165183,0.000000,-0.000001,0.165814,0.986157,0.000000,0.996195,0.085949,-0.014450,0.000000,-0.010000,-0.012284,0.490453,1.000000;;
  }

  Frame Bip01_Pelvis {
   

   FrameTransformMatrix {
    0.000000,1.000000,-0.000001,0.000000,-0.000001,0.000001,1.000000,0.000000,1.000000,0.000000,0.000001,0.000000,0.000000,0.000000,0.000000,1.000000;;
   }

   Frame Bip01_Spine {
    

    FrameTransformMatrix {
     0.984686,0.000002,-0.174337,0.000000,-0.000001,1.000000,0.000004,0.000000,0.174337,-0.000004,0.984686,0.000000,0.051619,0.000000,-0.000083,1.000000;;
    }

    Frame Bip01_Spine1 {
     

     FrameTransformMatrix {
      0.997819,0.052687,0.039774,0.000000,-0.044862,0.983198,-0.176942,0.000000,-0.048428,0.174771,0.983417,0.000000,0.106484,-0.000015,-0.000083,1.000000;;
     }

     Frame Bip01_Neck {
      

      FrameTransformMatrix {
       0.966067,-0.020835,0.257451,0.000000,0.025191,0.999590,-0.013632,0.000000,-0.257061,0.019655,0.966195,0.000000,0.130511,-0.000001,0.004626,1.000000;;
      }

      Frame Bip01_Head {
       

       FrameTransformMatrix {
        0.989321,-0.051753,-0.136255,0.000000,0.064251,0.993958,0.088989,0.000000,0.130826,-0.096793,0.986669,0.000000,0.033674,-0.000000,-0.000000,1.000000;;
       }
      }

      Frame Bip01_L_Clavicle {
       

       FrameTransformMatrix {
        -0.205975,0.976135,0.068811,0.000000,0.943873,0.216738,-0.249254,0.000000,-0.258220,0.013609,-0.965990,0.000000,-0.024734,0.015166,0.002017,1.000000;;
       }

       Frame Bip01_L_UpperArm {
        

        FrameTransformMatrix {
         0.385871,-0.777669,0.496320,0.000000,0.922466,0.332598,-0.196046,0.000000,-0.012616,0.533487,0.845714,0.000000,0.087086,-0.000000,-0.000000,1.000000;;
        }

        Frame Bip01_L_Forearm {
         

         FrameTransformMatrix {
          0.943939,0.000000,-0.330119,0.000000,0.000000,1.000000,-0.000000,0.000000,0.330119,-0.000000,0.943939,0.000000,0.137062,0.000000,0.000000,1.000000;;
         }

         Frame Bip01_L_Hand {
          

          FrameTransformMatrix {
           1.000000,-0.000000,0.000000,0.000000,0.000000,0.000796,1.000000,0.000000,0.000000,-1.000000,0.000796,0.000000,0.137062,0.000000,0.000000,1.000000;;
          }

          Frame Bip01_L_Finger0 {
           

           FrameTransformMatrix {
            0.690342,-0.181727,0.700288,0.000000,0.558537,0.749101,-0.356210,0.000000,-0.459853,0.637043,0.618637,0.000000,0.057681,-0.023605,-0.000272,1.000000;;
           }
          }

          Frame Bip01_L_Finger1 {
           

           FrameTransformMatrix {
            0.728079,-0.000546,0.685493,0.000000,0.000000,1.000000,0.000796,0.000000,-0.685493,-0.000580,0.728079,0.000000,0.084102,0.000000,0.000000,1.000000;;
           }
          }
         }
        }
       }
      }

      Frame Bip01_R_Clavicle {
       

       FrameTransformMatrix {
        -0.028509,-0.999573,-0.006461,0.000000,-0.965665,0.025871,0.258498,0.000000,-0.258220,0.013609,-0.965990,0.000000,-0.024080,-0.016250,0.001399,1.000000;;
       }

       Frame Bip01_R_UpperArm {
        

        FrameTransformMatrix {
         0.221390,0.975047,0.016433,0.000000,-0.974986,0.221654,-0.016512,0.000000,-0.019742,-0.012366,0.999729,0.000000,0.087086,0.000000,0.000000,1.000000;;
        }

        Frame Bip01_R_Forearm {
         

         FrameTransformMatrix {
          0.915660,-0.000000,-0.401954,0.000000,-0.000000,1.000000,-0.000000,0.000000,0.401954,-0.000000,0.915660,0.000000,0.137062,0.000000,0.000000,1.000000;;
         }

         Frame Bip01_R_Hand {
          

          FrameTransformMatrix {
           0.975195,-0.000000,-0.221346,0.000000,-0.221346,0.000796,-0.975195,0.000000,0.000176,1.000000,0.000777,0.000000,0.137062,-0.000000,0.000000,1.000000;;
          }

          Frame Bip01_R_Finger0 {
           

           FrameTransformMatrix {
            0.417774,-0.116941,0.900994,0.000000,-0.558537,0.749101,0.356210,0.000000,-0.716591,-0.652054,0.247639,0.000000,0.057681,0.023605,-0.000272,1.000000;;
           }
          }

          Frame Bip01_R_Finger1 {
           

           FrameTransformMatrix {
            0.352436,0.000745,0.935835,0.000000,0.000000,1.000000,-0.000796,0.000000,-0.935836,0.000281,0.352436,0.000000,0.084102,0.000000,0.000000,1.000000;;
           }
          }
         }
        }
       }
      }
     }

     Frame Bip01_BackPack {
      

      FrameTransformMatrix {
       0.180560,0.080500,-0.980264,0.000000,0.047560,0.994764,0.090451,0.000000,0.982413,-0.062954,0.175786,0.000000,0.063697,0.000003,-0.088856,1.000000;;
      }
     }
    }

    Frame Bip01_L_Thigh {
     

     FrameTransformMatrix {
      -0.888504,0.030427,0.457858,0.000000,-0.032107,-0.999476,0.004114,0.000000,0.457744,-0.011045,0.889016,0.000000,-0.050843,0.055225,-0.008917,1.000000;;
     }

     Frame Bip01_L_Calf {
      

      FrameTransformMatrix {
       0.942235,-0.000000,-0.334952,0.000000,-0.000000,1.000000,-0.000000,0.000000,0.334952,-0.000000,0.942235,0.000000,0.237500,0.000000,-0.000000,1.000000;;
      }

      Frame Bip01_L_Foot {
       

       FrameTransformMatrix {
        0.924325,-0.026487,0.380687,0.000000,-0.068962,0.969570,0.234901,0.000000,-0.375325,-0.243378,0.894371,0.000000,0.206841,0.000000,0.000000,1.000000;;
       }

       Frame Bip01_L_Toe0 {
        

        FrameTransformMatrix {
         0.000000,0.000000,1.000000,0.000000,0.000000,1.000000,-0.000000,0.000000,-1.000000,0.000000,0.000000,0.000000,0.065373,0.000000,0.066450,1.000000;;
        }
       }
      }
     }
    }

    Frame Bip01_R_Thigh {
     

     FrameTransformMatrix {
      -0.996965,0.030321,-0.071704,0.000000,-0.029454,-0.999480,-0.013113,0.000000,-0.072065,-0.010961,0.997340,0.000000,-0.050843,-0.055225,-0.008917,1.000000;;
     }

     Frame Bip01_R_Calf {
      

      FrameTransformMatrix {
       0.730239,0.000000,-0.683192,0.000000,0.000000,1.000000,0.000000,0.000000,0.683192,0.000000,0.730239,0.000000,0.237500,0.000000,0.000000,1.000000;;
      }

      Frame Bip01_R_Foot {
       

       FrameTransformMatrix {
        0.991957,0.087165,-0.091782,0.000000,-0.093276,0.993546,-0.064539,0.000000,0.085565,0.072581,0.993685,0.000000,0.206841,0.000000,0.000000,1.000000;;
       }

       Frame Bip01_R_Toe0 {
        

        FrameTransformMatrix {
         0.000000,0.000000,1.000000,0.000000,0.000000,1.000000,-0.000000,0.000000,-1.000000,0.000000,0.000000,0.000000,0.065373,0.000000,0.066450,1.000000;;
        }
       }
      }
     }
    }
   }

   Frame Bip01_DressFront {
    

    FrameTransformMatrix {
     -0.880185,-0.088339,0.466338,0.000000,0.121847,0.907542,0.401896,0.000000,-0.458725,0.410564,-0.788041,0.000000,-0.043935,0.001339,0.061057,1.000000;;
    }

    Frame Bip01_DressFront02 {
     

     FrameTransformMatrix {
      0.912593,0.000001,0.408870,0.000000,-0.000001,1.000000,-0.000000,0.000000,-0.408870,-0.000000,0.912593,0.000000,0.183378,-0.000000,-0.000120,1.000000;;
     }
    }
   }

   Frame Bip01_DressBack {
    

    FrameTransformMatrix {
     -0.886023,0.038029,0.462080,0.000000,0.191625,0.937561,0.290274,0.000000,-0.422190,0.345735,-0.837988,0.000000,-0.047673,-0.000048,-0.078302,1.000000;;
    }

    Frame Bip01_DressBack02 {
     

     FrameTransformMatrix {
      0.936852,0.174932,-0.302833,0.000000,-0.166408,0.984581,0.053939,0.000000,0.307600,-0.000139,0.951516,0.000000,0.176125,0.000000,-0.000103,1.000000;;
     }
    }
   }
  }

  Frame Bip01_Prop1 {
   

   FrameTransformMatrix {
    -0.233929,-0.108090,0.966227,0.000000,0.687222,0.684611,0.242967,0.000000,-0.687752,0.720849,-0.085868,0.000000,0.076452,-0.048658,-0.145664,1.000000;;
   }
  }

  Frame Bip01_Prop2 {
   

   FrameTransformMatrix {
    -0.163643,-0.967062,0.194966,0.000000,0.985576,-0.168906,-0.010564,0.000000,0.043147,0.190425,0.980753,0.000000,-0.138405,-0.102098,0.114818,1.000000;;
   }
  }
 }
}

Frame Translation_Data {
 

 FrameTransformMatrix {
  -0.000000,0.000000,-1.000000,0.000000,-1.000000,-0.000000,0.000000,0.000000,-0.000000,1.000000,0.000000,0.000000,0.000000,-0.000000,0.000000,1.000000;;
 }
}

Frame Bob_Hair_Fresh {
 

 FrameTransformMatrix {
  1.000000,0.000000,0.000000,0.000000,0.000000,1.000000,0.000000,0.000000,0.000000,0.000000,1.000000,0.000000,0.000000,-0.001215,0.003680,1.000000;;
 }

 Mesh Bob_Hair_Fresh {
  56;
  0.046228;0.924618;-0.064558;,
  0.054895;0.929147;-0.038395;,
  0.051654;0.953542;-0.046034;,
  0.044502;0.949621;-0.069449;,
  0.050576;0.940950;-0.005520;,
  0.048678;0.958395;-0.017692;,
  0.035431;0.945163;0.013078;,
  0.034132;0.961399;0.000128;,
  0.002575;0.947931;0.023116;,
  0.002575;0.963040;0.009835;,
  0.002575;0.947931;0.023116;,
  -0.030281;0.945163;0.013078;,
  -0.028982;0.961399;0.000128;,
  0.002575;0.963040;0.009835;,
  -0.045426;0.940950;-0.005520;,
  -0.043528;0.958395;-0.017692;,
  -0.049745;0.929146;-0.038395;,
  -0.046501;0.953542;-0.046034;,
  -0.041080;0.924618;-0.064558;,
  -0.039354;0.949621;-0.069449;,
  -0.023036;0.948284;-0.078366;,
  -0.023184;0.936428;-0.073124;,
  0.002574;0.937387;-0.082515;,
  0.002574;0.946887;-0.086325;,
  0.028332;0.936428;-0.073124;,
  0.028125;0.948284;-0.078366;,
  0.034375;0.966414;-0.003154;,
  0.032301;0.967316;-0.008804;,
  0.041941;0.964995;-0.022610;,
  0.046994;0.963583;-0.019960;,
  -0.037780;0.955607;-0.067503;,
  -0.034229;0.957852;-0.064927;,
  -0.039262;0.960899;-0.046811;,
  -0.044691;0.959016;-0.046868;,
  -0.023175;0.953702;-0.078621;,
  -0.021835;0.956252;-0.074309;,
  -0.029225;0.966414;-0.003154;,
  -0.027151;0.967316;-0.008804;,
  0.002575;0.968938;0.000814;,
  0.002575;0.968075;0.006698;,
  0.049844;0.959016;-0.046868;,
  0.044414;0.960900;-0.046811;,
  0.039377;0.957852;-0.064927;,
  0.042928;0.955607;-0.067503;,
  0.002575;0.968075;0.006698;,
  0.002575;0.968938;0.000814;,
  -0.041844;0.963583;-0.019960;,
  -0.036791;0.964995;-0.022610;,
  0.002574;0.952364;-0.086507;,
  0.002574;0.954966;-0.081969;,
  0.028264;0.953702;-0.078621;,
  0.026924;0.956252;-0.074309;,
  0.002572;0.968998;-0.011788;,
  0.002562;0.967084;-0.025661;,
  0.002575;0.963837;-0.047305;,
  0.002560;0.960363;-0.062981;;
  90;
  3;0,2,1;,
  3;2,0,3;,
  3;1,5,4;,
  3;5,1,2;,
  3;4,7,6;,
  3;7,4,5;,
  3;6,9,8;,
  3;9,6,7;,
  3;10,12,11;,
  3;12,10,13;,
  3;11,15,14;,
  3;15,11,12;,
  3;14,17,16;,
  3;17,14,15;,
  3;16,19,18;,
  3;19,16,17;,
  3;20,18,19;,
  3;18,20,21;,
  3;21,23,22;,
  3;23,21,20;,
  3;23,24,22;,
  3;24,23,25;,
  3;25,0,24;,
  3;0,25,3;,
  3;26,28,27;,
  3;28,26,29;,
  3;30,32,31;,
  3;32,30,33;,
  3;34,31,35;,
  3;31,34,30;,
  3;36,38,37;,
  3;38,36,39;,
  3;40,42,41;,
  3;42,40,43;,
  3;29,41,28;,
  3;41,29,40;,
  3;44,27,45;,
  3;27,44,26;,
  3;46,37,47;,
  3;37,46,36;,
  3;33,47,32;,
  3;47,33,46;,
  3;48,35,49;,
  3;35,48,34;,
  3;48,51,50;,
  3;51,48,49;,
  3;43,51,42;,
  3;51,43,50;,
  3;7,29,26;,
  3;29,7,5;,
  3;19,33,30;,
  3;33,19,17;,
  3;20,30,34;,
  3;30,20,19;,
  3;12,39,36;,
  3;39,12,13;,
  3;2,43,40;,
  3;43,2,3;,
  3;5,40,29;,
  3;40,5,2;,
  3;9,26,44;,
  3;26,9,7;,
  3;15,36,46;,
  3;36,15,12;,
  3;17,46,33;,
  3;46,17,15;,
  3;23,34,48;,
  3;34,23,20;,
  3;23,50,25;,
  3;50,23,48;,
  3;3,50,43;,
  3;50,3,25;,
  3;45,27,52;,
  3;27,53,52;,
  3;53,27,28;,
  3;28,54,53;,
  3;54,28,41;,
  3;54,42,55;,
  3;42,54,41;,
  3;55,51,49;,
  3;51,55,42;,
  3;38,52,37;,
  3;37,53,47;,
  3;53,37,52;,
  3;47,54,32;,
  3;54,47,53;,
  3;54,31,32;,
  3;31,54,55;,
  3;55,35,31;,
  3;35,55,49;;

  MeshNormals {
   56;
   0.813665;-0.038383;-0.580066;,
   0.991839;0.046606;-0.118670;,
   0.975167;0.180585;-0.128212;,
   0.745923;0.090660;-0.659834;,
   0.919976;0.166091;0.355047;,
   0.907267;0.264271;0.327150;,
   0.555153;0.297647;0.776666;,
   0.537611;0.386095;0.749603;,
   0.000001;0.350065;0.936725;,
   0.000001;0.439171;0.898404;,
   0.000001;0.350065;0.936725;,
   -0.555151;0.297647;0.776668;,
   -0.537610;0.386095;0.749604;,
   0.000001;0.439171;0.898404;,
   -0.919985;0.166109;0.355015;,
   -0.907283;0.264273;0.327105;,
   -0.991838;0.046650;-0.118665;,
   -0.975166;0.180596;-0.128205;,
   -0.813815;-0.038461;-0.579850;,
   -0.746342;0.090608;-0.659367;,
   -0.392764;-0.027531;-0.919227;,
   -0.382956;-0.120208;-0.915912;,
   0.000177;-0.145006;-0.989431;,
   0.000247;-0.095327;-0.995446;,
   0.382828;-0.119895;-0.916006;,
   0.392473;-0.027394;-0.919355;,
   0.439663;0.768464;0.464928;,
   0.144289;0.989527;0.004198;,
   0.203447;0.974962;-0.089772;,
   0.693701;0.704339;0.150616;,
   -0.607336;0.593153;-0.528500;,
   -0.197143;0.934192;-0.297356;,
   -0.217232;0.958265;-0.185848;,
   -0.729792;0.657934;-0.185815;,
   -0.334953;0.512201;-0.790858;,
   -0.115540;0.919752;-0.375110;,
   -0.439663;0.768464;0.464930;,
   -0.144299;0.989525;0.004220;,
   0.000002;0.996598;0.082418;,
   0.000001;0.809874;0.586604;,
   0.729792;0.657930;-0.185827;,
   0.217226;0.958264;-0.185857;,
   0.197000;0.934147;-0.297590;,
   0.606933;0.593049;-0.529080;,
   0.000001;0.809874;0.586604;,
   0.000002;0.996598;0.082418;,
   -0.693729;0.704322;0.150569;,
   -0.203469;0.974956;-0.089788;,
   0.000262;0.435803;-0.900042;,
   0.000092;0.916889;-0.399142;,
   0.334515;0.512323;-0.790965;,
   0.115335;0.919758;-0.375158;,
   0.000001;0.997800;-0.066297;,
   -0.000043;0.989818;-0.142342;,
   0.000021;0.984269;-0.176677;,
   -0.000032;0.973917;-0.226904;;
   90;
   3;0,2,1;,
   3;2,0,3;,
   3;1,5,4;,
   3;5,1,2;,
   3;4,7,6;,
   3;7,4,5;,
   3;6,9,8;,
   3;9,6,7;,
   3;10,12,11;,
   3;12,10,13;,
   3;11,15,14;,
   3;15,11,12;,
   3;14,17,16;,
   3;17,14,15;,
   3;16,19,18;,
   3;19,16,17;,
   3;20,18,19;,
   3;18,20,21;,
   3;21,23,22;,
   3;23,21,20;,
   3;23,24,22;,
   3;24,23,25;,
   3;25,0,24;,
   3;0,25,3;,
   3;26,28,27;,
   3;28,26,29;,
   3;30,32,31;,
   3;32,30,33;,
   3;34,31,35;,
   3;31,34,30;,
   3;36,38,37;,
   3;38,36,39;,
   3;40,42,41;,
   3;42,40,43;,
   3;29,41,28;,
   3;41,29,40;,
   3;44,27,45;,
   3;27,44,26;,
   3;46,37,47;,
   3;37,46,36;,
   3;33,47,32;,
   3;47,33,46;,
   3;48,35,49;,
   3;35,48,34;,
   3;48,51,50;,
   3;51,48,49;,
   3;43,51,42;,
   3;51,43,50;,
   3;7,29,26;,
   3;29,7,5;,
   3;19,33,30;,
   3;33,19,17;,
   3;20,30,34;,
   3;30,20,19;,
   3;12,39,36;,
   3;39,12,13;,
   3;2,43,40;,
   3;43,2,3;,
   3;5,40,29;,
   3;40,5,2;,
   3;9,26,44;,
   3;26,9,7;,
   3;15,36,46;,
   3;36,15,12;,
   3;17,46,33;,
   3;46,17,15;,
   3;23,34,48;,
   3;34,23,20;,
   3;23,50,25;,
   3;50,23,48;,
   3;3,50,43;,
   3;50,3,25;,
   3;45,27,52;,
   3;27,53,52;,
   3;53,27,28;,
   3;28,54,53;,
   3;54,28,41;,
   3;54,42,55;,
   3;42,54,41;,
   3;55,51,49;,
   3;51,55,42;,
   3;38,52,37;,
   3;37,53,47;,
   3;53,37,52;,
   3;47,54,32;,
   3;54,47,53;,
   3;54,31,32;,
   3;31,54,55;,
   3;55,35,31;,
   3;35,55,49;;
  }

  MeshTextureCoords {
   56;
   0.838112;0.956928;,
   0.935042;0.784292;,
   0.731746;0.704866;,
   0.685623;0.805658;,
   0.933889;0.561820;,
   0.741020;0.570683;,
   0.898978;0.414470;,
   0.712052;0.465065;,
   0.827355;0.244749;,
   0.640362;0.318484;,
   0.178741;0.233017;,
   0.101013;0.400025;,
   0.285973;0.457380;,
   0.362929;0.313487;,
   0.060765;0.545992;,
   0.253211;0.561903;,
   0.051421;0.768279;,
   0.257485;0.696366;,
   0.141921;0.944424;,
   0.299892;0.798802;,
   0.368572;0.844925;,
   0.301299;0.984879;,
   0.488867;1.020007;,
   0.491327;0.881078;,
   0.677451;0.991424;,
   0.614918;0.849058;,
   0.684404;0.476432;,
   0.658504;0.494348;,
   0.692548;0.569059;,
   0.717726;0.568090;,
   0.307381;0.779999;,
   0.317364;0.763699;,
   0.294024;0.679518;,
   0.274017;0.686729;,
   0.374194;0.825852;,
   0.377351;0.804170;,
   0.313189;0.469738;,
   0.338422;0.488573;,
   0.449434;0.378909;,
   0.411311;0.339380;,
   0.715551;0.694656;,
   0.695853;0.686734;,
   0.669492;0.769998;,
   0.678885;0.786654;,
   0.591061;0.342615;,
   0.551524;0.380751;,
   0.276627;0.560152;,
   0.301716;0.562027;,
   0.491673;0.865082;,
   0.491967;0.844337;,
   0.609908;0.829473;,
   0.607527;0.807795;,
   0.499071;0.456819;,
   0.497429;0.544220;,
   0.495319;0.662922;,
   0.493713;0.746118;;
  }

  VertexDuplicationIndices {
   56;
   56;
   0,
   1,
   2,
   3,
   4,
   5,
   6,
   7,
   8,
   9,
   10,
   11,
   12,
   13,
   14,
   15,
   16,
   17,
   18,
   19,
   20,
   21,
   22,
   23,
   24,
   25,
   26,
   27,
   28,
   29,
   30,
   31,
   32,
   33,
   34,
   35,
   36,
   37,
   38,
   39,
   40,
   41,
   42,
   43,
   44,
   45,
   46,
   47,
   48,
   49,
   50,
   51,
   52,
   53,
   54,
   55;
  }

  MeshMaterialList {
   1;
   90;
   0,
   0,
   0,
   0,
   0,
   0,
   0,
   0,
   0,
   0,
   0,
   0,
   0,
   0,
   0,
   0,
   0,
   0,
   0,
   0,
   0,
   0,
   0,
   0,
   0,
   0,
   0,
   0,
   0,
   0,
   0,
   0,
   0,
   0,
   0,
   0,
   0,
   0,
   0,
   0,
   0,
   0,
   0,
   0,
   0,
   0,
   0,
   0,
   0,
   0,
   0,
   0,
   0,
   0,
   0,
   0,
   0,
   0,
   0,
   0,
   0,
   0,
   0,
   0,
   0,
   0,
   0,
   0,
   0,
   0,
   0,
   0,
   0,
   0,
   0,
   0,
   0,
   0,
   0,
   0,
   0,
   0,
   0,
   0,
   0,
   0,
   0,
   0,
   0,
   0;

   Material _15___Defaultkkk {
    1.000000;1.000000;1.000000;1.000000;;
    9.999999;
    0.000000;0.000000;0.000000;;
    0.000000;0.000000;0.000000;;

    TextureFilename {
     "CurlyHair_Short.png";
    }
   }
  }

  XSkinMeshHeader {
   1;
   1;
   1;
  }

  SkinWeights {
   "Bip01_Head";
   56;
   0,
   1,
   2,
   3,
   4,
   5,
   6,
   7,
   8,
   9,
   10,
   11,
   12,
   13,
   14,
   15,
   16,
   17,
   18,
   19,
   20,
   21,
   22,
   23,
   24,
   25,
   26,
   27,
   28,
   29,
   30,
   31,
   32,
   33,
   34,
   35,
   36,
   37,
   38,
   39,
   40,
   41,
   42,
   43,
   44,
   45,
   46,
   47,
   48,
   49,
   50,
   51,
   52,
   53,
   54,
   55;
   1.000000,
   1.000000,
   1.000000,
   1.000000,
   1.000000,
   1.000000,
   1.000000,
   1.000000,
   1.000000,
   1.000000,
   1.000000,
   1.000000,
   1.000000,
   1.000000,
   1.000000,
   1.000000,
   1.000000,
   1.000000,
   1.000000,
   1.000000,
   1.000000,
   1.000000,
   1.000000,
   1.000000,
   1.000000,
   1.000000,
   1.000000,
   1.000000,
   1.000000,
   1.000000,
   1.000000,
   1.000000,
   1.000000,
   1.000000,
   1.000000,
   1.000000,
   1.000000,
   1.000000,
   1.000000,
   1.000000,
   1.000000,
   1.000000,
   1.000000,
   1.000000,
   1.000000,
   1.000000,
   1.000000,
   1.000000,
   1.000000,
   1.000000,
   1.000000,
   1.000000,
   1.000000,
   1.000000,
   1.000000,
   1.000000;
   -0.000001,1.000000,-0.000002,0.000000,0.986157,0.000000,-0.165813,0.000000,-0.165812,-0.000003,-0.986157,0.000000,-0.801109,-0.002575,0.120044,1.000000;;
  }
 }
}

AnimationSet Bob_Walk {
 

 Animation {
  
  { Dummy01 }

  AnimationKey {
   4;
   2;
   0;16;1.000000,0.000000,0.000000,0.000000,0.000000,-0.000001,-1.000000,0.000000,0.000000,1.000000,-0.000001,0.000000,0.000000,0.000000,0.000000,1.000000;;,
   3200;16;1.000000,0.000000,0.000000,0.000000,0.000000,-0.000001,-1.000000,0.000000,0.000000,1.000000,-0.000001,0.000000,0.000000,0.000000,0.000000,1.000000;;;
  }
 }

 Animation {
  
  { Bip01 }

  AnimationKey {
   4;
   21;
   0;16;-0.087156,0.982405,-0.165183,0.000000,0.000000,0.165813,0.986157,0.000000,0.996195,0.085949,-0.014452,0.000000,-0.010000,-0.012284,0.490453,1.000000;;,
   160;16;-0.081562,0.982820,-0.165572,0.000000,0.000038,0.166128,0.986104,0.000000,0.996669,0.080422,-0.013588,0.000000,-0.010708,-0.012284,0.491858,1.000000;;,
   320;16;-0.067078,0.983780,-0.166369,0.000000,0.000116,0.166752,0.985998,0.000000,0.997748,0.066120,-0.011300,0.000000,-0.010749,-0.012284,0.495223,1.000000;;,
   480;16;-0.046948,0.984886,-0.166723,0.000000,0.000172,0.166916,0.985971,0.000000,0.998898,0.046262,-0.008005,0.000000,-0.010016,-0.012284,0.499328,1.000000;;,
   640;16;-0.023941,0.985786,-0.166295,0.000000,0.000141,0.166346,0.986067,0.000000,0.999714,0.023584,-0.004122,0.000000,-0.008388,-0.012284,0.502988,1.000000;;,
   800;16;0.000001,0.986159,-0.165805,0.000000,0.000000,0.165804,0.986158,0.000000,1.000000,-0.000002,-0.000001,0.000000,-0.005725,-0.012284,0.504988,1.000000;;,
   960;16;0.023943,0.985786,-0.166293,0.000000,-0.000141,0.166344,0.986067,0.000000,0.999714,-0.023586,0.004122,0.000000,-0.002280,-0.012284,0.504002,1.000000;;,
   1120;16;0.046951,0.984886,-0.166719,0.000000,-0.000172,0.166910,0.985972,0.000000,0.998897,-0.046264,0.008006,0.000000,0.001356,-0.012284,0.500588,1.000000;;,
   1280;16;0.067081,0.983781,-0.166363,0.000000,-0.000116,0.166747,0.985999,0.000000,0.997748,-0.066122,0.011300,0.000000,0.004842,-0.012284,0.496226,1.000000;;,
   1440;16;0.081563,0.982821,-0.165564,0.000000,-0.000040,0.166120,0.986105,0.000000,0.996669,-0.080424,0.013589,0.000000,0.007841,-0.012284,0.492357,1.000000;;,
   1600;16;0.087157,0.982406,-0.165175,0.000000,0.000002,0.165806,0.986158,0.000000,0.996195,-0.085951,0.014450,0.000000,0.010000,-0.012284,0.490453,1.000000;;,
   1760;16;0.081563,0.982821,-0.165564,0.000000,-0.000040,0.166120,0.986105,0.000000,0.996669,-0.080424,0.013589,0.000000,0.011004,-0.012284,0.491604,1.000000;;,
   1920;16;0.067081,0.983781,-0.166363,0.000000,-0.000116,0.166747,0.985999,0.000000,0.997748,-0.066122,0.011300,0.000000,0.010933,-0.012284,0.494934,1.000000;;,
   2080;16;0.046951,0.984886,-0.166719,0.000000,-0.000172,0.166910,0.985972,0.000000,0.998897,-0.046264,0.008006,0.000000,0.009946,-0.012284,0.499131,1.000000;;,
   2240;16;0.023943,0.985786,-0.166293,0.000000,-0.000141,0.166344,0.986067,0.000000,0.999714,-0.023586,0.004122,0.000000,0.008187,-0.012284,0.502917,1.000000;;,
   2400;16;0.000001,0.986159,-0.165805,0.000000,0.000000,0.165804,0.986158,0.000000,1.000000,-0.000002,-0.000001,0.000000,0.005782,-0.012284,0.504988,1.000000;;,
   2560;16;-0.023941,0.985786,-0.166295,0.000000,0.000141,0.166346,0.986067,0.000000,0.999714,0.023584,-0.004122,0.000000,0.002869,-0.012284,0.503948,1.000000;;,
   2720;16;-0.046948,0.984886,-0.166723,0.000000,0.000172,0.166916,0.985971,0.000000,0.998898,0.046262,-0.008005,0.000000,-0.000359,-0.012284,0.500406,1.000000;;,
   2880;16;-0.067078,0.983780,-0.166369,0.000000,0.000116,0.166752,0.985998,0.000000,0.997748,0.066120,-0.011300,0.000000,-0.003707,-0.012284,0.495943,1.000000;;,
   3040;16;-0.081562,0.982820,-0.165572,0.000000,0.000038,0.166128,0.986104,0.000000,0.996669,0.080422,-0.013588,0.000000,-0.006986,-0.012284,0.492100,1.000000;;,
   3200;16;-0.087156,0.982405,-0.165183,0.000000,0.000000,0.165813,0.986157,0.000000,0.996195,0.085949,-0.014452,0.000000,-0.010000,-0.012284,0.490453,1.000000;;;
  }
 }

 Animation {
  
  { Bip01_Pelvis }

  AnimationKey {
   4;
   21;
   0;16;-0.000000,1.000000,-0.000002,0.000000,-0.000002,0.000002,1.000000,0.000000,1.000000,-0.000000,0.000002,0.000000,0.000000,0.000000,0.000000,1.000000;;,
   160;16;0.000001,0.999933,-0.011544,0.000000,-0.000002,0.011545,0.999933,0.000000,1.000000,-0.000000,0.000003,0.000000,0.000000,0.000000,0.000000,1.000000;;,
   320;16;-0.000002,0.999696,-0.024641,0.000000,-0.000001,0.024640,0.999696,0.000000,1.000000,0.000001,0.000000,0.000000,0.000000,0.000000,0.000000,1.000000;;,
   480;16;-0.000001,0.999317,-0.036943,0.000000,-0.000001,0.036942,0.999317,0.000000,1.000000,0.000001,0.000001,0.000000,0.000000,0.000000,0.000000,1.000000;;,
   640;16;0.000000,0.998936,-0.046118,0.000000,-0.000002,0.046118,0.998936,0.000000,1.000000,0.000000,0.000002,0.000000,0.000000,0.000000,0.000000,1.000000;;,
   800;16;-0.000001,0.998762,-0.049744,0.000000,-0.000001,0.049744,0.998762,0.000000,1.000000,0.000001,0.000001,0.000000,0.000000,0.000000,0.000000,1.000000;;,
   960;16;-0.000002,0.998897,-0.046958,0.000000,-0.000001,0.046957,0.998897,0.000000,1.000000,0.000001,0.000000,0.000000,0.000000,0.000000,0.000000,1.000000;;,
   1120;16;-0.000001,0.999222,-0.039450,0.000000,-0.000002,0.039449,0.999222,0.000000,1.000000,-0.000000,0.000001,0.000000,0.000000,0.000000,0.000000,1.000000;;,
   1280;16;0.000000,0.999597,-0.028397,0.000000,-0.000002,0.028397,0.999597,0.000000,1.000000,0.000000,0.000002,0.000000,0.000000,0.000000,0.000000,1.000000;;,
   1440;16;0.000001,0.999889,-0.014893,0.000000,-0.000001,0.014892,0.999889,0.000000,1.000000,-0.000001,0.000001,0.000000,0.000000,0.000000,0.000000,1.000000;;,
   1600;16;-0.000000,1.000000,-0.000002,0.000000,-0.000002,0.000002,1.000000,0.000000,1.000000,-0.000000,0.000002,0.000000,0.000000,0.000000,0.000000,1.000000;;,
   1760;16;0.000001,0.999885,0.015152,0.000000,-0.000002,-0.015151,0.999885,0.000000,1.000000,-0.000000,0.000003,0.000000,0.000000,0.000000,0.000000,1.000000;;,
   1920;16;-0.000000,0.999571,0.029273,0.000000,-0.000002,-0.029273,0.999571,0.000000,1.000000,-0.000000,0.000002,0.000000,0.000000,0.000000,0.000000,1.000000;;,
   2080;16;0.000000,0.999157,0.041059,0.000000,-0.000002,-0.041059,0.999157,0.000000,1.000000,-0.000000,0.000002,0.000000,0.000000,0.000000,0.000000,1.000000;;,
   2240;16;-0.000001,0.998790,0.049183,0.000000,-0.000002,-0.049184,0.998790,0.000000,1.000000,-0.000000,0.000001,0.000000,0.000000,0.000000,0.000000,1.000000;;,
   2400;16;-0.000001,0.998635,0.052230,0.000000,-0.000002,-0.052231,0.998635,0.000000,1.000000,-0.000000,0.000001,0.000000,0.000000,0.000000,0.000000,1.000000;;,
   2560;16;-0.000001,0.998827,0.048422,0.000000,-0.000002,-0.048422,0.998827,0.000000,1.000000,-0.000000,0.000001,0.000000,0.000000,0.000000,0.000000,1.000000;;,
   2720;16;-0.000000,0.999247,0.038789,0.000000,0.000000,-0.038789,0.999247,0.000000,1.000000,-0.000000,-0.000000,0.000000,0.000000,0.000000,0.000000,1.000000;;,
   2880;16;0.000001,0.999665,0.025872,0.000000,-0.000002,-0.025871,0.999665,0.000000,1.000000,-0.000000,0.000003,0.000000,0.000000,0.000000,0.000000,1.000000;;,
   3040;16;-0.000001,0.999927,0.012119,0.000000,-0.000001,-0.012118,0.999927,0.000000,1.000000,0.000001,0.000001,0.000000,0.000000,0.000000,0.000000,1.000000;;,
   3200;16;-0.000000,1.000000,-0.000002,0.000000,-0.000002,0.000002,1.000000,0.000000,1.000000,-0.000000,0.000002,0.000000,0.000000,0.000000,0.000000,1.000000;;;
  }
 }

 Animation {
  
  { Bip01_Spine }

  AnimationKey {
   4;
   21;
   0;16;0.984686,0.000002,-0.174337,0.000000,-0.000002,1.000000,0.000004,0.000000,0.174337,-0.000004,0.984686,0.000000,0.051619,0.000000,-0.000083,1.000000;;,
   160;16;0.984620,0.011368,-0.174338,0.000000,-0.011544,0.999933,0.000004,0.000000,0.174326,0.002008,0.984686,0.000000,0.051615,0.000596,-0.000083,1.000000;;,
   320;16;0.984387,0.024264,-0.174338,0.000000,-0.024640,0.999696,0.000004,0.000000,0.174285,0.004291,0.984686,0.000000,0.051603,0.001272,-0.000083,1.000000;;,
   480;16;0.984014,0.036376,-0.174336,0.000000,-0.036941,0.999317,0.000003,0.000000,0.174218,0.006437,0.984686,0.000000,0.051583,0.001907,-0.000083,1.000000;;,
   640;16;0.983638,0.045411,-0.174337,0.000000,-0.046116,0.998936,0.000004,0.000000,0.174152,0.008035,0.984686,0.000000,0.051564,0.002380,-0.000083,1.000000;;,
   800;16;0.983467,0.048982,-0.174337,0.000000,-0.049743,0.998762,0.000004,0.000000,0.174121,0.008668,0.984686,0.000000,0.051555,0.002568,-0.000083,1.000000;;,
   960;16;0.983600,0.046238,-0.174337,0.000000,-0.046957,0.998897,0.000004,0.000000,0.174145,0.008182,0.984686,0.000000,0.051562,0.002424,-0.000083,1.000000;;,
   1120;16;0.983920,0.038846,-0.174337,0.000000,-0.039449,0.999222,0.000005,0.000000,0.174201,0.006873,0.984686,0.000000,0.051578,0.002036,-0.000083,1.000000;;,
   1280;16;0.984289,0.027963,-0.174336,0.000000,-0.028398,0.999597,0.000003,0.000000,0.174266,0.004948,0.984686,0.000000,0.051598,0.001466,-0.000083,1.000000;;,
   1440;16;0.984577,0.014665,-0.174338,0.000000,-0.014892,0.999889,0.000003,0.000000,0.174318,0.002593,0.984686,0.000000,0.051613,0.000769,-0.000083,1.000000;;,
   1600;16;0.984686,0.000002,-0.174337,0.000000,-0.000002,1.000000,0.000004,0.000000,0.174337,-0.000004,0.984686,0.000000,0.051619,0.000000,-0.000083,1.000000;;,
   1760;16;0.984573,-0.014919,-0.174338,0.000000,0.015152,0.999885,0.000004,0.000000,0.174318,-0.002646,0.984686,0.000000,0.051613,-0.000782,-0.000083,1.000000;;,
   1920;16;0.984264,-0.028825,-0.174338,0.000000,0.029274,0.999571,0.000004,0.000000,0.174263,-0.005108,0.984686,0.000000,0.051596,-0.001511,-0.000083,1.000000;;,
   2080;16;0.983856,-0.040430,-0.174338,0.000000,0.041059,0.999157,0.000004,0.000000,0.174190,-0.007162,0.984686,0.000000,0.051575,-0.002119,-0.000083,1.000000;;,
   2240;16;0.983494,-0.048430,-0.174338,0.000000,0.049184,0.998790,0.000005,0.000000,0.174127,-0.008579,0.984686,0.000000,0.051556,-0.002539,-0.000083,1.000000;;,
   2400;16;0.983342,-0.051430,-0.174336,0.000000,0.052231,0.998635,0.000004,0.000000,0.174098,-0.009110,0.984686,0.000000,0.051548,-0.002696,-0.000083,1.000000;;,
   2560;16;0.983531,-0.047680,-0.174338,0.000000,0.048422,0.998827,0.000004,0.000000,0.174133,-0.008445,0.984686,0.000000,0.051558,-0.002499,-0.000083,1.000000;;,
   2720;16;0.983945,-0.038195,-0.174338,0.000000,0.038790,0.999247,0.000003,0.000000,0.174206,-0.006766,0.984686,0.000000,0.051580,-0.002002,-0.000083,1.000000;;,
   2880;16;0.984356,-0.025477,-0.174337,0.000000,0.025873,0.999665,0.000004,0.000000,0.174279,-0.004514,0.984686,0.000000,0.051601,-0.001335,-0.000083,1.000000;;,
   3040;16;0.984614,-0.011932,-0.174338,0.000000,0.012119,0.999927,0.000004,0.000000,0.174325,-0.002116,0.984686,0.000000,0.051615,-0.000626,-0.000083,1.000000;;,
   3200;16;0.984686,0.000002,-0.174337,0.000000,-0.000002,1.000000,0.000004,0.000000,0.174337,-0.000004,0.984686,0.000000,0.051619,0.000000,-0.000083,1.000000;;;
  }
 }

 Animation {
  
  { Bip01_Spine1 }

  AnimationKey {
   4;
   21;
   0;16;0.997819,0.052688,0.039773,0.000000,-0.044863,0.983198,-0.176942,0.000000,-0.048428,0.174772,0.983417,0.000000,0.106484,-0.000015,-0.000083,1.000000;;,
   160;16;0.997901,0.050144,0.040970,0.000000,-0.042868,0.985792,-0.162411,0.000000,-0.048532,0.160314,0.985872,0.000000,0.106484,-0.000014,-0.000084,1.000000;;,
   320;16;0.998118,0.042947,0.043767,0.000000,-0.037192,0.991493,-0.124732,0.000000,-0.048751,0.122869,0.991225,0.000000,0.106484,-0.000010,-0.000084,1.000000;;,
   480;16;0.998402,0.031663,0.046803,0.000000,-0.028231,0.996986,-0.072262,0.000000,-0.048950,0.070825,0.996287,0.000000,0.106484,-0.000006,-0.000084,1.000000;;,
   640;16;0.998664,0.016922,0.048816,0.000000,-0.016294,0.999780,-0.013230,0.000000,-0.049029,0.012417,0.998720,0.000000,0.106484,-0.000001,-0.000085,1.000000;;,
   800;16;0.998799,-0.000507,0.048994,0.000000,-0.001646,0.999035,0.043886,0.000000,-0.048969,-0.043914,0.997834,0.000000,0.106484,0.000004,-0.000085,1.000000;;,
   960;16;0.998692,-0.019534,0.047246,0.000000,0.015134,0.995666,0.091764,0.000000,-0.048834,-0.090929,0.994659,0.000000,0.106484,0.000008,-0.000084,1.000000;;,
   1120;16;0.998299,-0.038079,0.044157,0.000000,0.032097,0.991120,0.129042,0.000000,-0.048679,-0.127405,0.990656,0.000000,0.106484,0.000011,-0.000084,1.000000;;,
   1280;16;0.997713,-0.053977,0.040675,0.000000,0.047027,0.986666,0.155817,0.000000,-0.048543,-0.153548,0.986948,0.000000,0.106484,0.000013,-0.000084,1.000000;;,
   1440;16;0.997157,-0.065144,0.037877,0.000000,0.057709,0.983393,0.172068,0.000000,-0.048458,-0.169393,0.984357,0.000000,0.106484,0.000014,-0.000083,1.000000;;,
   1600;16;0.996912,-0.069396,0.036761,0.000000,0.061821,0.982163,0.177579,0.000000,-0.048429,-0.174758,0.983420,0.000000,0.106484,0.000015,-0.000083,1.000000;;,
   1760;16;0.997133,-0.065141,0.038494,0.000000,0.058050,0.984916,0.163003,0.000000,-0.048531,-0.160301,0.985874,0.000000,0.106484,0.000014,-0.000084,1.000000;;,
   1920;16;0.997648,-0.053857,0.042391,0.000000,0.048177,0.990962,0.125197,0.000000,-0.048750,-0.122860,0.991226,0.000000,0.106484,0.000010,-0.000084,1.000000;;,
   2080;16;0.998215,-0.037639,0.046370,0.000000,0.034215,0.996779,0.072538,0.000000,-0.048950,-0.070822,0.996287,0.000000,0.106484,0.000006,-0.000084,1.000000;;,
   2240;16;0.998634,-0.018704,0.048792,0.000000,0.018074,0.999748,0.013315,0.000000,-0.049029,-0.012415,0.998720,0.000000,0.106484,0.000001,-0.000085,1.000000;;,
   2400;16;0.998799,0.000509,0.048994,0.000000,0.001644,0.999035,-0.043886,0.000000,-0.048969,0.043914,0.997834,0.000000,0.106484,-0.000004,-0.000085,1.000000;;,
   2560;16;0.998718,0.017758,0.047408,0.000000,-0.013352,0.995699,-0.091680,0.000000,-0.048832,0.090930,0.994659,0.000000,0.106484,-0.000008,-0.000084,1.000000;;,
   2720;16;0.998473,0.032135,0.044929,0.000000,-0.026110,0.991330,-0.128779,0.000000,-0.048678,0.127409,0.990655,0.000000,0.106484,-0.000011,-0.000084,1.000000;;,
   2880;16;0.998171,0.043116,0.042388,0.000000,-0.036044,0.987199,-0.155369,0.000000,-0.048544,0.153557,0.986947,0.000000,0.106484,-0.000013,-0.000084,1.000000;;,
   3040;16;0.997919,0.050173,0.040491,0.000000,-0.042529,0.984269,-0.171484,0.000000,-0.048458,0.169405,0.984354,0.000000,0.106484,-0.000014,-0.000083,1.000000;;,
   3200;16;0.997819,0.052688,0.039773,0.000000,-0.044863,0.983198,-0.176942,0.000000,-0.048428,0.174772,0.983417,0.000000,0.106484,-0.000015,-0.000083,1.000000;;;
  }
 }

 Animation {
  
  { Bip01_Neck }

  AnimationKey {
   4;
   21;
   0;16;0.966067,-0.020836,0.257451,0.000000,0.025191,0.999590,-0.013631,0.000000,-0.257061,0.019654,0.966195,0.000000,0.130511,-0.000001,0.004626,1.000000;;,
   160;16;0.966116,-0.017461,0.257519,0.000000,0.021357,0.999696,-0.012339,0.000000,-0.257225,0.017421,0.966194,0.000000,0.130511,-0.000001,0.004626,1.000000;;,
   320;16;0.966172,-0.009488,0.257724,0.000000,0.012297,0.999881,-0.009291,0.000000,-0.257606,0.012146,0.966174,0.000000,0.130511,-0.000001,0.004626,1.000000;;,
   480;16;0.966131,-0.000004,0.258054,0.000000,0.001519,0.999983,-0.005675,0.000000,-0.258049,0.005874,0.966114,0.000000,0.130511,-0.000001,0.004626,1.000000;;,
   640;16;0.966004,0.007972,0.258403,0.000000,-0.007547,0.999968,-0.002638,0.000000,-0.258416,0.000598,0.966034,0.000000,0.130511,-0.000000,0.004626,1.000000;;,
   800;16;0.965926,0.011347,0.258570,0.000000,-0.011384,0.999934,-0.001354,0.000000,-0.258568,-0.001636,0.965992,0.000000,0.130511,-0.000000,0.004626,1.000000;;,
   960;16;0.965958,0.012283,0.258407,0.000000,-0.012896,0.999917,0.000675,0.000000,-0.258377,-0.003985,0.966036,0.000000,0.130511,-0.000000,0.004626,1.000000;;,
   1120;16;0.966026,0.014494,0.258040,0.000000,-0.016463,0.999850,0.005470,0.000000,-0.257922,-0.009533,0.966119,0.000000,0.130511,-0.000000,0.004626,1.000000;;,
   1280;16;0.966092,0.017119,0.257630,0.000000,-0.020695,0.999723,0.011174,0.000000,-0.257367,-0.016127,0.966179,0.000000,0.130511,0.000000,0.004626,1.000000;;,
   1440;16;0.966136,0.019326,0.257310,0.000000,-0.024250,0.999578,0.015974,0.000000,-0.256893,-0.021673,0.966197,0.000000,0.130511,0.000001,0.004626,1.000000;;,
   1600;16;0.966150,0.020261,0.257183,0.000000,-0.025754,0.999506,0.018008,0.000000,-0.256691,-0.024022,0.966195,0.000000,0.130511,0.000001,0.004626,1.000000;;,
   1760;16;0.966192,0.016948,0.257267,0.000000,-0.021862,0.999629,0.016255,0.000000,-0.256896,-0.021330,0.966204,0.000000,0.130511,0.000001,0.004626,1.000000;;,
   1920;16;0.966230,0.009117,0.257521,0.000000,-0.012665,0.999846,0.012122,0.000000,-0.257371,-0.014974,0.966196,0.000000,0.130511,0.000001,0.004626,1.000000;;,
   2080;16;0.966163,-0.000196,0.257931,0.000000,-0.001723,0.999973,0.007215,0.000000,-0.257925,-0.007415,0.966136,0.000000,0.130511,0.000001,0.004626,1.000000;;,
   2240;16;0.966014,-0.008030,0.258364,0.000000,0.007484,0.999967,0.003096,0.000000,-0.258381,-0.001057,0.966043,0.000000,0.130511,0.000001,0.004626,1.000000;;,
   2400;16;0.965926,-0.011345,0.258570,0.000000,0.011382,0.999934,0.001354,0.000000,-0.258568,0.001635,0.965992,0.000000,0.130511,0.000001,0.004626,1.000000;;,
   2560;16;0.965949,-0.012341,0.258437,0.000000,0.012834,0.999918,-0.000217,0.000000,-0.258413,0.003526,0.966028,0.000000,0.130511,0.000001,0.004626,1.000000;;,
   2720;16;0.965996,-0.014694,0.258139,0.000000,0.016259,0.999860,-0.003927,0.000000,-0.258045,0.007990,0.966100,0.000000,0.130511,0.000001,0.004626,1.000000;;,
   2880;16;0.966038,-0.017491,0.257810,0.000000,0.020328,0.999759,-0.008342,0.000000,-0.257602,0.013299,0.966160,0.000000,0.130511,0.000000,0.004626,1.000000;;,
   3040;16;0.966060,-0.019840,0.257554,0.000000,0.023744,0.999645,-0.012058,0.000000,-0.257223,0.017765,0.966189,0.000000,0.130511,0.000000,0.004626,1.000000;;,
   3200;16;0.966067,-0.020836,0.257451,0.000000,0.025191,0.999590,-0.013631,0.000000,-0.257061,0.019654,0.966195,0.000000,0.130511,0.000000,0.004626,1.000000;;;
  }
 }

 Animation {
  
  { Bip01_Head }

  AnimationKey {
   4;
   21;
   0;16;0.989321,-0.051752,-0.136254,0.000000,0.064250,0.993958,0.088989,0.000000,0.130825,-0.096793,0.986669,0.000000,0.033674,-0.000000,-0.000000,1.000000;;,
   160;16;0.990418,-0.052281,-0.127827,0.000000,0.062781,0.994853,0.079540,0.000000,0.123010,-0.086802,0.988602,0.000000,0.033674,-0.000000,-0.000000,1.000000;;,
   320;16;0.992865,-0.050860,-0.107850,0.000000,0.057096,0.996823,0.055538,0.000000,0.104682,-0.061299,0.992615,0.000000,0.033674,-0.000000,-0.000000,1.000000;;,
   480;16;0.995516,-0.043228,-0.084133,0.000000,0.045318,0.998706,0.023097,0.000000,0.083026,-0.026807,0.996187,0.000000,0.033674,-0.000000,-0.000000,1.000000;;,
   640;16;0.997555,-0.026937,-0.064490,0.000000,0.026218,0.999584,-0.011979,0.000000,0.064785,0.010259,0.997846,0.000000,0.033674,-0.000000,-0.000000,1.000000;;,
   800;16;0.998395,-0.001980,-0.056591,0.000000,-0.000509,0.999035,-0.043925,0.000000,0.056624,0.043883,0.997431,0.000000,0.033674,-0.000000,-0.000000,1.000000;;,
   960;16;0.997567,0.024504,-0.065268,0.000000,-0.028857,0.997361,-0.066622,0.000000,0.063464,0.068343,0.995641,0.000000,0.033674,-0.000000,-0.000000,1.000000;;,
   1120;16;0.995355,0.045005,-0.085108,0.000000,-0.051840,0.995455,-0.079883,0.000000,0.081126,0.083924,0.993164,0.000000,0.033674,-0.000000,-0.000000,1.000000;;,
   1280;16;0.992359,0.058765,-0.108491,0.000000,-0.068306,0.993913,-0.086431,0.000000,0.102752,0.093181,0.990333,0.000000,0.033674,-0.000000,-0.000000,1.000000;;,
   1440;16;0.989555,0.066269,-0.128023,0.000000,-0.077977,0.993000,-0.088712,0.000000,0.121248,0.097769,0.987796,0.000000,0.033674,-0.000000,-0.000000,1.000000;;,
   1600;16;0.988298,0.068569,-0.136255,0.000000,-0.081143,0.992723,-0.088975,0.000000,0.129163,0.098990,0.986670,0.000000,0.033674,-0.000000,-0.000000,1.000000;;,
   1760;16;0.989512,0.067351,-0.127791,0.000000,-0.077912,0.993783,-0.079528,0.000000,0.121640,0.088650,0.988607,0.000000,0.033674,-0.000000,-0.000000,1.000000;;,
   1920;16;0.992255,0.061785,-0.107764,0.000000,-0.068057,0.996135,-0.055528,0.000000,0.103916,0.062432,0.992625,0.000000,0.033674,-0.000000,-0.000000,1.000000;;,
   2080;16;0.995247,0.049195,-0.084047,0.000000,-0.051301,0.998416,-0.023091,0.000000,0.082777,0.027293,0.996194,0.000000,0.033674,-0.000000,-0.000000,1.000000;;,
   2240;16;0.997507,0.028716,-0.064454,0.000000,-0.028000,0.999536,0.011982,0.000000,0.064768,-0.010148,0.997849,0.000000,0.033674,-0.000000,-0.000000,1.000000;;,
   2400;16;0.998395,0.001980,-0.056591,0.000000,0.000509,0.999035,0.043923,0.000000,0.056624,-0.043881,0.997431,0.000000,0.033674,-0.000000,-0.000000,1.000000;;,
