xof 0303txt 0032
template ColorRGBA {
 <35ff44e0-6c7c-11cf-8f52-0040333594a3>
 FLOAT red;
 FLOAT green;
 FLOAT blue;
 FLOAT alpha;
}

template ColorRGB {
 <d3e16e81-7835-11cf-8f52-0040333594a3>
 FLOAT red;
 FLOAT green;
 FLOAT blue;
}

template Material {
 <3d82ab4d-62da-11cf-ab39-0020af71e433>
 ColorRGBA faceColor;
 FLOAT power;
 ColorRGB specularColor;
 ColorRGB emissiveColor;
 [...]
}

template TextureFilename {
 <a42790e1-7810-11cf-8f52-0040333594a3>
 STRING filename;
}

template Frame {
 <3d82ab46-62da-11cf-ab39-0020af71e433>
 [...]
}

template Matrix4x4 {
 <f6f23f45-7686-11cf-8f52-0040333594a3>
 array FLOAT matrix[16];
}

template FrameTransformMatrix {
 <f6f23f41-7686-11cf-8f52-0040333594a3>
 Matrix4x4 frameMatrix;
}

template Vector {
 <3d82ab5e-62da-11cf-ab39-0020af71e433>
 FLOAT x;
 FLOAT y;
 FLOAT z;
}

template MeshFace {
 <3d82ab5f-62da-11cf-ab39-0020af71e433>
 DWORD nFaceVertexIndices;
 array DWORD faceVertexIndices[nFaceVertexIndices];
}

template Mesh {
 <3d82ab44-62da-11cf-ab39-0020af71e433>
 DWORD nVertices;
 array Vector vertices[nVertices];
 DWORD nFaces;
 array MeshFace faces[nFaces];
 [...]
}

template MeshNormals {
 <f6f23f43-7686-11cf-8f52-0040333594a3>
 DWORD nNormals;
 array Vector normals[nNormals];
 DWORD nFaceNormals;
 array MeshFace faceNormals[nFaceNormals];
}

template MeshMaterialList {
 <f6f23f42-7686-11cf-8f52-0040333594a3>
 DWORD nMaterials;
 DWORD nFaceIndexes;
 array DWORD faceIndexes[nFaceIndexes];
 [Material <3d82ab4d-62da-11cf-ab39-0020af71e433>]
}

template Coords2d {
 <f6f23f44-7686-11cf-8f52-0040333594a3>
 FLOAT u;
 FLOAT v;
}

template MeshTextureCoords {
 <f6f23f40-7686-11cf-8f52-0040333594a3>
 DWORD nTextureCoords;
 array Coords2d textureCoords[nTextureCoords];
}

template XSkinMeshHeader {
 <3cf169ce-ff7c-44ab-93c0-f78f62d172e2>
 WORD nMaxSkinWeightsPerVertex;
 WORD nMaxSkinWeightsPerFace;
 WORD nBones;
}

template SkinWeights {
 <6f0d123b-bad2-4167-a0d0-80224f25fabb>
 STRING transformNodeName;
 DWORD nWeights;
 array DWORD vertexIndices[nWeights];
 array FLOAT weights[nWeights];
 Matrix4x4 matrixOffset;
}

template AnimTicksPerSecond {
 <9e415a43-7ba6-4a73-8743-b73d47e88476>
 DWORD AnimTicksPerSecond;
}

template Animation {
 <3d82ab4f-62da-11cf-ab39-0020af71e433>
 [...]
}

template AnimationSet {
 <3d82ab50-62da-11cf-ab39-0020af71e433>
 [Animation <3d82ab4f-62da-11cf-ab39-0020af71e433>]
}

template FloatKeys {
 <10dd46a9-775b-11cf-8f52-0040333594a3>
 DWORD nValues;
 array FLOAT values[nValues];
}

template TimedFloatKeys {
 <f406b180-7b3b-11cf-8f52-0040333594a3>
 DWORD time;
 FloatKeys tfkeys;
}

template AnimationKey {
 <10dd46a8-775b-11cf-8f52-0040333594a3>
 DWORD keyType;
 DWORD nKeys;
 array TimedFloatKeys keys[nKeys];
}


Material Material__63 {
 1.000000;1.000000;1.000000;1.000000;;
 9.999999;
 0.000000;0.000000;0.000000;;
 0.000000;0.000000;0.000000;;

 TextureFilename {
  "SuitTrousersMesh_Suit.png";
 }
}

Frame Dummy01 {
 

 FrameTransformMatrix {
  1.000000,0.000000,0.000000,0.000000,0.000000,-0.000000,-1.000000,0.000000,0.000000,1.000000,-0.000000,0.000000,0.000000,0.000000,0.000000,1.000000;;
 }

 Frame Bip01 {
  

  FrameTransformMatrix {
   -0.087155,0.982405,-0.165183,0.000000,-0.000001,0.165814,0.986157,0.000000,0.996195,0.085949,-0.014450,0.000000,-0.010000,-0.012284,0.490453,1.000000;;
  }

  Frame Bip01_Pelvis {
   

   FrameTransformMatrix {
    0.000000,1.000000,-0.000001,0.000000,-0.000001,0.000001,1.000000,0.000000,1.000000,0.000000,0.000001,0.000000,0.000000,0.000000,0.000000,1.000000;;
   }

   Frame Bip01_Spine {
    

    FrameTransformMatrix {
     0.984686,0.000002,-0.174337,0.000000,-0.000001,1.000000,0.000004,0.000000,0.174337,-0.000004,0.984686,0.000000,0.051619,0.000000,-0.000083,1.000000;;
    }

    Frame Bip01_Spine1 {
     

     FrameTransformMatrix {
      0.997819,0.052687,0.039774,0.000000,-0.044862,0.983198,-0.176942,0.000000,-0.048428,0.174771,0.983417,0.000000,0.106484,-0.000015,-0.000083,1.000000;;
     }

     Frame Bip01_Neck {
      

      FrameTransformMatrix {
       0.966067,-0.020835,0.257451,0.000000,0.025191,0.999590,-0.013632,0.000000,-0.257061,0.019655,0.966195,0.000000,0.130511,-0.000001,0.004626,1.000000;;
      }

      Frame Bip01_Head {
       

       FrameTransformMatrix {
        0.989321,-0.051753,-0.136255,0.000000,0.064251,0.993958,0.088989,0.000000,0.130826,-0.096793,0.986669,0.000000,0.033674,-0.000000,0.000000,1.000000;;
       }

       Frame Bip01_HeadNub {
        

        FrameTransformMatrix {
         1.000000,-0.000000,-0.000000,0.000000,-0.000000,1.000000,0.000000,0.000000,0.000000,-0.000000,1.000000,0.000000,0.169824,0.000000,-0.000000,1.000000;;
        }
       }
      }

      Frame Bip01_L_Clavicle {
       

       FrameTransformMatrix {
        -0.205975,0.976135,0.068811,0.000000,0.943873,0.216738,-0.249254,0.000000,-0.258220,0.013609,-0.965990,0.000000,-0.024734,0.015166,0.002017,1.000000;;
       }

       Frame Bip01_L_UpperArm {
        

        FrameTransformMatrix {
         0.385871,-0.777669,0.496320,0.000000,0.922466,0.332598,-0.196046,0.000000,-0.012616,0.533487,0.845714,0.000000,0.073469,0.000000,-0.000000,1.000000;;
        }

        Frame Bip01_L_Forearm {
         

         FrameTransformMatrix {
          0.943939,0.000000,-0.330119,0.000000,0.000000,1.000000,-0.000000,0.000000,0.330119,-0.000000,0.943939,0.000000,0.148340,0.000000,-0.000000,1.000000;;
         }

         Frame Bip01_L_Hand {
          

          FrameTransformMatrix {
           1.000000,-0.000000,0.000000,0.000000,0.000000,0.000796,1.000000,0.000000,0.000000,-1.000000,0.000796,0.000000,0.131860,-0.000000,0.000000,1.000000;;
          }

          Frame Bip01_L_Finger0 {
           

           FrameTransformMatrix {
            0.690342,-0.181727,0.700288,0.000000,0.558537,0.749101,-0.356210,0.000000,-0.459853,0.637043,0.618637,0.000000,0.057681,-0.023605,-0.000272,1.000000;;
           }

           Frame Bip01_L_Finger0Nub {
            

            FrameTransformMatrix {
             1.000000,0.000000,0.000000,0.000000,0.000000,1.000000,0.000000,0.000000,-0.000000,0.000000,1.000000,0.000000,0.029435,0.000000,0.000000,1.000000;;
            }
           }
          }

          Frame Bip01_L_Finger1 {
           

           FrameTransformMatrix {
            0.728079,-0.000546,0.685493,0.000000,0.000000,1.000000,0.000796,0.000000,-0.685493,-0.000580,0.728079,0.000000,0.084102,0.000000,0.000000,1.000000;;
           }

           Frame Bip01_L_Finger1Nub {
            

            FrameTransformMatrix {
             1.000000,0.000000,0.000000,0.000000,-0.000000,1.000000,0.000000,0.000000,-0.000000,0.000000,1.000000,0.000000,0.047988,-0.000000,0.000000,1.000000;;
            }
           }
          }
         }
        }
       }
      }

      Frame Bip01_R_Clavicle {
       

       FrameTransformMatrix {
        -0.028509,-0.999573,-0.006461,0.000000,-0.965665,0.025871,0.258498,0.000000,-0.258220,0.013609,-0.965990,0.000000,-0.024080,-0.016250,0.001399,1.000000;;
       }

       Frame Bip01_R_UpperArm {
        

        FrameTransformMatrix {
         0.221390,0.975047,0.016433,0.000000,-0.974986,0.221654,-0.016512,0.000000,-0.019742,-0.012366,0.999728,0.000000,0.073469,0.000000,-0.000000,1.000000;;
        }

        Frame Bip01_R_Forearm {
         

         FrameTransformMatrix {
          0.915660,-0.000000,-0.401954,0.000000,-0.000000,1.000000,-0.000000,0.000000,0.401954,-0.000000,0.915660,0.000000,0.148340,0.000000,-0.000000,1.000000;;
         }

         Frame Bip01_R_Hand {
          

          FrameTransformMatrix {
           0.975195,-0.000000,-0.221346,0.000000,-0.221346,0.000796,-0.975195,0.000000,0.000176,1.000000,0.000777,0.000000,0.131860,0.000000,0.000000,1.000000;;
          }

          Frame Bip01_R_Finger0 {
           

           FrameTransformMatrix {
            0.417774,-0.116941,0.900994,0.000000,-0.558537,0.749101,0.356210,0.000000,-0.716591,-0.652054,0.247639,0.000000,0.057681,0.023605,-0.000272,1.000000;;
           }

           Frame Bip01_R_Finger0Nub {
            

            FrameTransformMatrix {
             -1.000000,0.000000,0.000000,0.000000,0.000000,1.000000,-0.000000,0.000000,0.000000,0.000000,-1.000000,0.000000,0.029435,0.000000,-0.000000,1.000000;;
            }
           }
          }

          Frame Bip01_R_Finger1 {
           

           FrameTransformMatrix {
            0.352436,0.000745,0.935835,0.000000,-0.000000,1.000000,-0.000796,0.000000,-0.935836,0.000281,0.352436,0.000000,0.084102,-0.000000,0.000000,1.000000;;
           }

           Frame Bip01_R_Finger1Nub {
            

            FrameTransformMatrix {
             -1.000000,0.000000,0.000000,0.000000,0.000000,1.000000,-0.000000,0.000000,-0.000000,0.000000,-1.000000,0.000000,0.047988,0.000000,-0.000000,1.000000;;
            }
           }
          }
         }
        }
       }
      }
     }

     Frame Bip01_BackPack {
      

      FrameTransformMatrix {
       0.180560,0.080500,-0.980264,0.000000,0.047560,0.994764,0.090451,0.000000,0.982413,-0.062954,0.175786,0.000000,0.063697,0.000003,-0.088856,1.000000;;
      }

      Frame Bip01_BackPackNub {
       

       FrameTransformMatrix {
        0.000796,0.000003,1.000000,0.000000,0.000000,-1.000000,0.000003,0.000000,1.000000,-0.000000,-0.000796,0.000000,0.053240,0.000000,0.000000,1.000000;;
       }
      }
     }
    }

    Frame Bip01_L_Thigh {
     

     FrameTransformMatrix {
      -0.888504,0.030427,0.457858,0.000000,-0.032107,-0.999476,0.004114,0.000000,0.457744,-0.011045,0.889016,0.000000,-0.050843,0.055225,-0.008917,1.000000;;
     }

     Frame Bip01_L_Calf {
      

      FrameTransformMatrix {
       0.942235,-0.000000,-0.334952,0.000000,-0.000000,1.000000,-0.000000,0.000000,0.334952,-0.000000,0.942235,0.000000,0.237500,0.000000,-0.000000,1.000000;;
      }

      Frame Bip01_L_Foot {
       

       FrameTransformMatrix {
        0.924325,-0.026487,0.380687,0.000000,-0.068962,0.969570,0.234901,0.000000,-0.375325,-0.243378,0.894371,0.000000,0.206841,0.000000,0.000000,1.000000;;
       }

       Frame Bip01_L_Toe0 {
        

        FrameTransformMatrix {
         0.000000,0.000000,1.000000,0.000000,0.000000,1.000000,-0.000000,0.000000,-1.000000,0.000000,0.000000,0.000000,0.065373,0.000000,0.066450,1.000000;;
        }

        Frame Bip01_L_Toe0Nub {
         

         FrameTransformMatrix {
          -1.000000,0.000000,0.000000,0.000000,0.000000,1.000000,0.000000,0.000000,0.000000,0.000000,-1.000000,0.000000,0.006735,-0.000000,0.000000,1.000000;;
         }
        }
       }
      }
     }
    }

    Frame Bip01_R_Thigh {
     

     FrameTransformMatrix {
      -0.996965,0.030321,-0.071704,0.000000,-0.029454,-0.999480,-0.013113,0.000000,-0.072065,-0.010961,0.997340,0.000000,-0.050843,-0.055225,-0.008917,1.000000;;
     }

     Frame Bip01_R_Calf {
      

      FrameTransformMatrix {
       0.730239,0.000000,-0.683192,0.000000,0.000000,1.000000,0.000000,0.000000,0.683192,0.000000,0.730239,0.000000,0.237500,0.000000,0.000000,1.000000;;
      }

      Frame Bip01_R_Foot {
       

       FrameTransformMatrix {
        0.991957,0.087165,-0.091782,0.000000,-0.093276,0.993546,-0.064539,0.000000,0.085565,0.072581,0.993685,0.000000,0.206841,0.000000,0.000000,1.000000;;
       }

       Frame Bip01_R_Toe0 {
        

        FrameTransformMatrix {
         0.000000,0.000000,1.000000,0.000000,0.000000,1.000000,-0.000000,0.000000,-1.000000,0.000000,0.000000,0.000000,0.065373,0.000000,0.066450,1.000000;;
        }

        Frame Bip01_R_Toe0Nub {
         

         FrameTransformMatrix {
          1.000000,0.000000,0.000000,0.000000,0.000000,1.000000,-0.000000,0.000000,-0.000000,-0.000000,1.000000,0.000000,0.006735,-0.000000,0.000000,1.000000;;
         }
        }
       }
      }
     }
    }
   }

   Frame Bip01_DressFront {
    

    FrameTransformMatrix {
     -0.880185,-0.088339,0.466338,0.000000,0.121847,0.907542,0.401896,0.000000,-0.458725,0.410564,-0.788041,0.000000,-0.043935,0.001339,0.061057,1.000000;;
    }

    Frame Bip01_DressFront02 {
     

     FrameTransformMatrix {
      0.912593,0.000001,0.408870,0.000000,-0.000001,1.000000,-0.000000,0.000000,-0.408870,-0.000000,0.912593,0.000000,0.183378,-0.000000,-0.000120,1.000000;;
     }

     Frame Bip01_DressFrontNub {
      

      FrameTransformMatrix {
       0.000796,0.000003,1.000000,0.000000,0.000000,-1.000000,0.000003,0.000000,1.000000,0.000000,-0.000796,0.000000,0.165302,0.000000,0.000000,1.000000;;
      }
     }
    }
   }

   Frame Bip01_DressBack {
    

    FrameTransformMatrix {
     -0.886023,0.038029,0.462080,0.000000,0.191625,0.937561,0.290274,0.000000,-0.422190,0.345735,-0.837988,0.000000,-0.047673,-0.000048,-0.078302,1.000000;;
    }

    Frame Bip01_DressBack02 {
     

     FrameTransformMatrix {
      0.936852,0.174932,-0.302833,0.000000,-0.166408,0.984581,0.053939,0.000000,0.307600,-0.000139,0.951516,0.000000,0.176125,0.000000,-0.000103,1.000000;;
     }

     Frame Bip01_DressBackNub {
      

      FrameTransformMatrix {
       0.000796,0.000003,1.000000,0.000000,0.000000,-1.000000,0.000003,0.000000,1.000000,0.000000,-0.000796,0.000000,0.136508,0.000000,0.000000,1.000000;;
      }
     }
    }
   }
  }

  Frame Bip01_Prop1 {
   

   FrameTransformMatrix {
    -0.233929,-0.108090,0.966227,0.000000,0.687222,0.684611,0.242967,0.000000,-0.687752,0.720849,-0.085868,0.000000,0.072994,-0.055506,-0.134034,1.000000;;
   }
  }

  Frame Bip01_Prop2 {
   

   FrameTransformMatrix {
    -0.163643,-0.967062,0.194966,0.000000,0.985576,-0.168906,-0.010564,0.000000,0.043147,0.190425,0.980753,0.000000,-0.140709,-0.103585,0.102365,1.000000;;
   }
  }
 }
}

Frame Translation_Data {
 

 FrameTransformMatrix {
  1.000000,0.000000,0.000000,0.000000,0.000000,-0.000000,-1.000000,0.000000,0.000000,1.000000,-0.000000,0.000000,0.000000,0.000000,0.000000,1.000000;;
 }
}

Frame Kate_Trousers {
 

 FrameTransformMatrix {
  1.000000,0.000000,0.000000,0.000000,0.000000,1.000000,0.000000,0.000000,0.000000,0.000000,1.000000,0.000000,0.000000,0.000000,0.000000,1.000000;;
 }

 Mesh Kate_Trousers {
  184;
  0.077447;0.557300;0.062720;,
  0.041746;0.574413;0.081000;,
  0.043234;0.552171;0.089676;,
  0.069904;0.578550;0.050467;,
  0.076509;0.577909;0.002329;,
  0.089923;0.540375;0.017960;,
  0.046192;0.571644;-0.023512;,
  0.075384;0.516089;-0.010371;,
  0.041190;0.505228;-0.020092;,
  0.000000;0.572119;0.070949;,
  0.000000;0.547834;0.089611;,
  0.062259;0.462270;-0.021268;,
  0.112417;0.367427;0.014085;,
  0.073070;0.363965;-0.028248;,
  0.105919;0.466551;0.019334;,
  0.082589;0.260343;-0.023613;,
  0.113874;0.275469;0.031472;,
  0.007085;0.450949;-0.008775;,
  0.030926;0.364901;0.089563;,
  0.006886;0.444914;0.092432;,
  0.023895;0.359637;0.010845;,
  0.050042;0.274480;0.081633;,
  0.046251;0.268225;0.027510;,
  0.096880;0.460735;0.083037;,
  0.110328;0.372540;0.075199;,
  0.113057;0.281471;0.081737;,
  0.089043;0.216956;-0.007906;,
  0.125978;0.148303;0.045761;,
  0.095508;0.144741;0.004222;,
  0.120143;0.222812;0.037103;,
  0.128245;0.095922;0.048043;,
  0.105033;0.096583;0.006521;,
  0.050273;0.197986;0.033517;,
  0.062211;0.152727;0.090148;,
  0.047463;0.219278;0.092733;,
  0.060398;0.140694;0.042428;,
  0.075738;0.104835;0.083776;,
  0.073488;0.087201;0.044598;,
  0.124927;0.157636;0.089620;,
  0.118836;0.234143;0.092093;,
  0.120947;0.111405;0.094036;,
  0.097246;0.511172;0.025501;,
  0.000000;0.456254;-0.014241;,
  0.000000;0.497364;-0.031332;,
  0.007085;0.450949;-0.008775;,
  0.089438;0.509137;0.081572;,
  0.042099;0.507989;0.106529;,
  0.098384;0.470121;0.084341;,
  0.042113;0.469496;0.105614;,
  0.023895;0.359637;0.010845;,
  0.046251;0.268225;0.027510;,
  0.050273;0.197986;0.033517;,
  0.060398;0.140694;0.042428;,
  0.073488;0.087201;0.044598;,
  0.000000;0.441502;0.034393;,
  0.000000;0.456254;-0.014241;,
  0.000000;0.505311;0.106440;,
  0.000000;0.472059;0.105950;,
  0.000000;0.450611;0.099543;,
  0.128245;0.095922;0.048043;,
  0.108369;0.083272;0.000969;,
  0.105033;0.096583;0.006521;,
  0.138766;0.068986;0.037294;,
  0.073488;0.087201;0.044598;,
  0.067088;0.064089;0.091047;,
  0.075738;0.104835;0.083776;,
  0.064355;0.063032;0.035591;,
  0.132981;0.067897;0.104484;,
  0.120947;0.111405;0.094036;,
  0.064355;0.063032;0.035591;,
  0.073488;0.087201;0.044598;,
  0.110658;0.057630;0.000969;,
  0.141055;0.043344;0.037294;,
  0.069377;0.040695;0.091047;,
  0.067995;0.044434;0.035591;,
  0.135053;0.042255;0.104484;,
  0.067995;0.044434;0.035591;,
  0.141055;0.043344;0.037294;,
  0.103394;0.038133;0.055953;,
  0.110658;0.057630;0.000969;,
  0.067995;0.044434;0.035591;,
  0.103394;0.038133;0.055953;,
  0.069377;0.040695;0.091047;,
  0.117635;0.039580;0.077634;,
  0.135053;0.042255;0.104484;,
  0.067995;0.044434;0.035591;,
  0.069904;0.578550;0.050467;,
  0.000000;0.574489;0.027940;,
  0.041746;0.574413;0.081000;,
  0.076509;0.577909;0.002329;,
  0.046192;0.571644;-0.023512;,
  0.000000;0.570370;-0.027705;,
  0.000000;0.572119;0.070949;,
  -0.077447;0.557300;0.062720;,
  -0.041746;0.574413;0.081000;,
  -0.069904;0.578550;0.050467;,
  -0.043234;0.552171;0.089676;,
  -0.076509;0.577909;0.002329;,
  -0.089923;0.540375;0.017960;,
  -0.046192;0.571644;-0.023512;,
  -0.075384;0.516089;-0.010371;,
  -0.041190;0.505228;-0.020092;,
  0.000000;0.572119;0.070949;,
  0.000000;0.547834;0.089611;,
  -0.062260;0.462270;-0.021268;,
  -0.112362;0.367427;0.014085;,
  -0.105919;0.466551;0.019334;,
  -0.073066;0.363965;-0.028248;,
  -0.082605;0.260343;-0.023613;,
  -0.114224;0.275469;0.031472;,
  -0.007085;0.450949;-0.008775;,
  -0.030978;0.364901;0.089563;,
  -0.023956;0.359637;0.010845;,
  -0.006886;0.444914;0.092432;,
  -0.049709;0.274480;0.081633;,
  -0.045877;0.268225;0.027510;,
  -0.096881;0.460735;0.083037;,
  -0.110272;0.372540;0.075199;,
  -0.113398;0.281471;0.081737;,
  -0.089125;0.216956;-0.007906;,
  -0.124381;0.148303;0.045761;,
  -0.120645;0.222812;0.037103;,
  -0.094554;0.144741;0.004222;,
  -0.126624;0.095922;0.048043;,
  -0.103902;0.096583;0.006521;,
  -0.049732;0.197986;0.033517;,
  -0.062071;0.152727;0.090148;,
  -0.060296;0.140694;0.042428;,
  -0.046935;0.219278;0.092733;,
  -0.075335;0.104835;0.083776;,
  -0.073158;0.087201;0.044598;,
  -0.123353;0.157636;0.089620;,
  -0.119321;0.234143;0.092092;,
  -0.119456;0.111405;0.094036;,
  -0.097246;0.511172;0.025501;,
  -0.007085;0.450949;-0.008775;,
  -0.089438;0.509137;0.081572;,
  -0.042099;0.507989;0.106529;,
  -0.098384;0.470121;0.084341;,
  -0.042113;0.469496;0.105614;,
  -0.023956;0.359637;0.010845;,
  -0.045877;0.268225;0.027510;,
  -0.049732;0.197986;0.033517;,
  -0.060296;0.140694;0.042428;,
  -0.073158;0.087201;0.044598;,
  0.000000;0.456254;-0.014241;,
  0.000000;0.441502;0.034393;,
  0.000000;0.505311;0.106440;,
  0.000000;0.472059;0.105950;,
  0.000000;0.450611;0.099543;,
  -0.126624;0.095922;0.048043;,
  -0.107178;0.083272;0.000969;,
  -0.136935;0.068986;0.037294;,
  -0.103902;0.096583;0.006521;,
  -0.073158;0.087201;0.044598;,
  -0.066767;0.064089;0.091047;,
  -0.064092;0.063032;0.035591;,
  -0.075335;0.104835;0.083776;,
  -0.131272;0.067897;0.104484;,
  -0.119456;0.111405;0.094036;,
  -0.064092;0.063032;0.035591;,
  -0.073158;0.087201;0.044598;,
  -0.109430;0.057630;0.000969;,
  -0.139187;0.043344;0.037294;,
  -0.069019;0.040695;0.091047;,
  -0.067667;0.044434;0.035591;,
  -0.133306;0.042255;0.104484;,
  -0.067667;0.044434;0.035591;,
  -0.139187;0.043344;0.037294;,
  -0.109430;0.057630;0.000969;,
  -0.102320;0.038133;0.055953;,
  -0.067667;0.044434;0.035591;,
  -0.069019;0.040695;0.091047;,
  -0.102320;0.038133;0.055953;,
  -0.116260;0.039580;0.077634;,
  -0.133306;0.042255;0.104484;,
  -0.067667;0.044434;0.035591;,
  -0.069904;0.578550;0.050467;,
  -0.041746;0.574413;0.081000;,
  0.000000;0.574489;0.027940;,
  -0.076509;0.577909;0.002329;,
  -0.046192;0.571644;-0.023512;,
  0.000000;0.572119;0.070949;,
  0.000000;0.570370;-0.027705;;
  240;
  3;0,1,2;,
  3;1,0,3;,
  3;4,0,5;,
  3;0,4,3;,
  3;6,7,8;,
  3;7,6,4;,
  3;2,9,10;,
  3;9,2,1;,
  3;11,12,13;,
  3;12,11,14;,
  3;12,15,13;,
  3;15,12,16;,
  3;17,18,19;,
  3;18,17,20;,
  3;20,21,18;,
  3;21,20,22;,
  3;18,23,19;,
  3;23,18,24;,
  3;18,25,24;,
  3;25,18,21;,
  3;23,12,14;,
  3;12,23,24;,
  3;24,16,12;,
  3;16,24,25;,
  3;26,27,28;,
  3;27,26,29;,
  3;28,30,31;,
  3;30,28,27;,
  3;32,33,34;,
  3;33,32,35;,
  3;35,36,33;,
  3;36,35,37;,
  3;34,38,39;,
  3;38,34,33;,
  3;33,40,38;,
  3;40,33,36;,
  3;39,27,29;,
  3;27,39,38;,
  3;38,30,27;,
  3;30,38,40;,
  3;14,7,41;,
  3;7,14,11;,
  3;8,42,43;,
  3;42,8,44;,
  3;2,45,0;,
  3;45,2,46;,
  3;46,47,45;,
  3;47,46,48;,
  3;48,23,47;,
  3;23,48,19;,
  3;26,16,29;,
  3;16,26,15;,
  3;29,25,39;,
  3;25,29,16;,
  3;25,34,39;,
  3;34,25,21;,
  3;21,32,34;,
  3;32,21,22;,
  3;0,41,5;,
  3;41,0,45;,
  3;45,14,41;,
  3;14,45,47;,
  3;47,23,14;,
  3;8,11,44;,
  3;7,11,8;,
  3;11,13,49;,
  3;13,50,49;,
  3;50,13,15;,
  3;15,51,50;,
  3;51,15,26;,
  3;51,28,52;,
  3;28,51,26;,
  3;52,31,53;,
  3;31,52,28;,
  3;4,5,7;,
  3;5,41,7;,
  3;17,54,55;,
  3;43,6,8;,
  3;10,46,2;,
  3;46,10,56;,
  3;46,57,48;,
  3;57,46,56;,
  3;57,58,48;,
  3;58,54,19;,
  3;19,54,17;,
  3;11,49,44;,
  3;59,60,61;,
  3;60,59,62;,
  3;63,64,65;,
  3;64,63,66;,
  3;65,67,68;,
  3;67,65,64;,
  3;68,62,59;,
  3;62,68,67;,
  3;61,69,70;,
  3;69,61,60;,
  3;62,71,60;,
  3;71,62,72;,
  3;66,73,64;,
  3;73,66,74;,
  3;64,75,67;,
  3;75,64,73;,
  3;67,72,62;,
  3;72,67,75;,
  3;60,76,69;,
  3;76,60,71;,
  3;77,78,79;,
  3;80,81,82;,
  3;82,83,84;,
  3;83,82,81;,
  3;83,77,84;,
  3;77,83,78;,
  3;79,78,85;,
  3;86,87,88;,
  3;89,87,86;,
  3;90,87,89;,
  3;91,87,90;,
  3;88,87,92;,
  3;93,94,95;,
  3;94,93,96;,
  3;97,93,95;,
  3;93,97,98;,
  3;99,100,97;,
  3;100,99,101;,
  3;96,102,94;,
  3;102,96,103;,
  3;104,105,106;,
  3;105,104,107;,
  3;105,108,109;,
  3;108,105,107;,
  3;110,111,112;,
  3;111,110,113;,
  3;112,114,115;,
  3;114,112,111;,
  3;116,111,113;,
  3;111,116,117;,
  3;111,118,114;,
  3;118,111,117;,
  3;116,105,117;,
  3;105,116,106;,
  3;117,109,118;,
  3;109,117,105;,
  3;119,120,121;,
  3;120,119,122;,
  3;122,123,120;,
  3;123,122,124;,
  3;125,126,127;,
  3;126,125,128;,
  3;127,129,130;,
  3;129,127,126;,
  3;128,131,126;,
  3;131,128,132;,
  3;126,133,129;,
  3;133,126,131;,
  3;132,120,131;,
  3;120,132,121;,
  3;131,123,133;,
  3;123,131,120;,
  3;106,100,104;,
  3;100,106,134;,
  3;42,101,43;,
  3;101,42,135;,
  3;96,136,137;,
  3;136,96,93;,
  3;137,138,139;,
  3;138,137,136;,
  3;139,116,113;,
  3;116,139,138;,
  3;119,109,108;,
  3;109,119,121;,
  3;121,118,109;,
  3;118,121,132;,
  3;118,128,114;,
  3;128,118,132;,
  3;114,125,115;,
  3;125,114,128;,
  3;93,134,136;,
  3;134,93,98;,
  3;136,106,138;,
  3;106,136,134;,
  3;138,106,116;,
  3;101,135,104;,
  3;100,101,104;,
  3;104,140,107;,
  3;107,141,108;,
  3;141,107,140;,
  3;108,142,119;,
  3;142,108,141;,
  3;142,122,119;,
  3;122,142,143;,
  3;143,124,122;,
  3;124,143,144;,
  3;97,100,98;,
  3;98,100,134;,
  3;110,145,146;,
  3;43,101,99;,
  3;103,137,147;,
  3;137,103,96;,
  3;137,148,147;,
  3;148,137,139;,
  3;148,139,149;,
  3;149,113,146;,
  3;113,110,146;,
  3;104,135,140;,
  3;150,151,152;,
  3;151,150,153;,
  3;154,155,156;,
  3;155,154,157;,
  3;157,158,155;,
  3;158,157,159;,
  3;159,152,158;,
  3;152,159,150;,
  3;153,160,151;,
  3;160,153,161;,
  3;152,162,163;,
  3;162,152,151;,
  3;156,164,165;,
  3;164,156,155;,
  3;155,166,164;,
  3;166,155,158;,
  3;158,163,166;,
  3;163,158,152;,
  3;151,167,162;,
  3;167,151,160;,
  3;168,169,170;,
  3;171,172,173;,
  3;172,174,173;,
  3;174,172,175;,
  3;168,174,175;,
  3;174,168,170;,
  3;169,176,170;,
  3;177,178,179;,
  3;180,177,179;,
  3;181,180,179;,
  3;91,181,179;,
  3;178,182,179;,
  3;6,43,183;,
  3;43,99,183;,
  3;48,58,19;,
  3;149,139,113;;

  MeshNormals {
   184;
   0.785809;0.424608;0.449680;,
   0.207221;0.412129;0.887248;,
   0.220116;0.401052;0.889217;,
   0.814289;0.478504;0.328584;,
   0.876748;0.252342;-0.409434;,
   0.956586;0.225112;-0.185118;,
   0.365488;0.047894;-0.929583;,
   0.618472;0.072183;-0.782485;,
   0.202943;-0.069496;-0.976721;,
   -0.000000;0.531655;0.846961;,
   -0.000000;0.483874;0.875138;,
   0.232821;-0.018351;-0.972346;,
   0.934077;0.064749;-0.351152;,
   0.053908;-0.024116;-0.998255;,
   0.944747;0.107598;-0.309637;,
   0.047856;-0.171363;-0.984045;,
   0.967577;0.017759;-0.251950;,
   -0.356749;-0.587462;-0.726373;,
   -0.597803;-0.166184;0.784228;,
   -0.380666;-0.706605;0.596492;,
   -0.885066;-0.217362;-0.411596;,
   -0.689913;-0.041224;0.722717;,
   -0.949973;-0.144752;-0.276765;,
   0.730296;-0.139315;0.668774;,
   0.782377;0.066171;0.619280;,
   0.717166;0.118078;0.686827;,
   0.176375;-0.222693;-0.958801;,
   0.954811;0.030633;-0.295630;,
   0.069785;-0.136994;-0.988111;,
   0.953111;0.060398;-0.296532;,
   0.964839;0.037201;-0.260195;,
   0.144087;-0.031738;-0.989056;,
   -0.921162;-0.170375;-0.349904;,
   -0.670144;-0.178179;0.720527;,
   -0.719306;0.004437;0.694680;,
   -0.927691;-0.232411;-0.292188;,
   -0.746498;-0.268488;0.608814;,
   -0.916629;-0.237341;-0.321654;,
   0.724539;0.046540;0.687660;,
   0.673010;0.141017;0.726065;,
   0.606960;-0.061114;0.792379;,
   0.965555;0.215944;-0.145162;,
   -0.000001;-0.596362;-0.802716;,
   0.000000;-0.220050;-0.975489;,
   -0.356749;-0.587462;-0.726373;,
   0.776338;0.280915;0.564258;,
   0.199925;0.182143;0.962733;,
   0.805625;-0.004514;0.592409;,
   0.187402;-0.317608;0.929519;,
   -0.885066;-0.217362;-0.411596;,
   -0.949973;-0.144752;-0.276765;,
   -0.921162;-0.170375;-0.349904;,
   -0.927691;-0.232411;-0.292188;,
   -0.916629;-0.237341;-0.321654;,
   -0.000001;-0.997951;-0.063985;,
   -0.000001;-0.596362;-0.802716;,
   0.000000;0.172478;0.985013;,
   0.000000;-0.148791;0.988869;,
   -0.000000;-0.659975;0.751288;,
   0.899105;0.407185;-0.160660;,
   0.138371;0.243676;-0.959935;,
   0.074729;0.472512;-0.878150;,
   0.930090;0.231497;-0.285204;,
   -0.901703;0.377175;-0.211356;,
   -0.771961;0.102873;0.627291;,
   -0.676443;0.250922;0.692433;,
   -0.912884;0.085601;-0.399143;,
   0.577663;0.189648;0.793939;,
   0.447565;0.336170;0.828659;,
   -0.912884;0.085601;-0.399143;,
   -0.901703;0.377175;-0.211356;,
   0.161774;0.014443;-0.986722;,
   0.967115;0.085157;-0.239661;,
   -0.733224;-0.084167;0.674758;,
   -0.892536;-0.165364;-0.419565;,
   0.608605;0.048621;0.791982;,
   -0.892536;-0.165364;-0.419565;,
   0.038604;-0.978488;-0.202658;,
   -0.002327;-0.992920;-0.118766;,
   -0.008474;-0.942112;-0.335190;,
   -0.050641;-0.975547;-0.213876;,
   -0.002327;-0.992920;-0.118766;,
   -0.062419;-0.997893;0.017704;,
   0.073539;-0.996531;0.038972;,
   0.073393;-0.995967;0.051604;,
   -0.050641;-0.975547;-0.213876;,
   -0.063438;0.997841;0.016976;,
   -0.000000;0.999797;-0.020145;,
   -0.074799;0.995376;0.060264;,
   -0.069714;0.994714;-0.075395;,
   -0.063983;0.991617;-0.112263;,
   0.000000;0.997272;-0.073819;,
   -0.000000;0.998486;0.055009;,
   -0.785809;0.424608;0.449680;,
   -0.207221;0.412129;0.887248;,
   -0.814289;0.478504;0.328584;,
   -0.220116;0.401052;0.889217;,
   -0.876748;0.252342;-0.409434;,
   -0.956585;0.225112;-0.185119;,
   -0.365488;0.047894;-0.929583;,
   -0.618472;0.072183;-0.782485;,
   -0.202943;-0.069496;-0.976721;,
   -0.000000;0.531655;0.846961;,
   -0.000000;0.483874;0.875138;,
   -0.232869;-0.018471;-0.972333;,
   -0.933830;0.065957;-0.351583;,
   -0.944779;0.107348;-0.309628;,
   -0.054177;-0.023388;-0.998257;,
   -0.048631;-0.169845;-0.984270;,
   -0.966787;0.020645;-0.254750;,
   0.356694;-0.587616;-0.726276;,
   0.597534;-0.164970;0.784690;,
   0.885357;-0.215770;-0.411809;,
   0.380621;-0.706740;0.596361;,
   0.690235;-0.038612;0.722554;,
   0.949825;-0.142293;-0.278541;,
   -0.730358;-0.139473;0.668674;,
   -0.781992;0.067535;0.619619;,
   -0.717098;0.120925;0.686402;,
   -0.181335;-0.225214;-0.957286;,
   -0.956310;0.019816;-0.291682;,
   -0.953772;0.047761;-0.296712;,
   -0.068274;-0.141721;-0.987550;,
   -0.965996;0.037080;-0.255886;,
   -0.139133;-0.033590;-0.989704;,
   0.921190;-0.170427;-0.349805;,
   0.668897;-0.178479;0.721611;,
   0.928920;-0.233160;-0.287652;,
   0.720030;0.004201;0.693930;,
   0.750931;-0.265655;0.604592;,
   0.919504;-0.233901;-0.315915;,
   -0.721337;0.035457;0.691676;,
   -0.676641;0.133859;0.724043;,
   -0.606766;-0.061808;0.792474;,
   -0.965555;0.215944;-0.145163;,
   0.356694;-0.587616;-0.726276;,
   -0.776336;0.280921;0.564256;,
   -0.199924;0.182143;0.962733;,
   -0.805628;-0.004506;0.592405;,
   -0.187399;-0.317607;0.929520;,
   0.885357;-0.215770;-0.411809;,
   0.949825;-0.142293;-0.278541;,
   0.921190;-0.170427;-0.349805;,
   0.928920;-0.233160;-0.287652;,
   0.919504;-0.233901;-0.315915;,
   -0.000001;-0.596362;-0.802716;,
   -0.000001;-0.997951;-0.063985;,
   0.000000;0.172478;0.985013;,
   0.000000;-0.148791;0.988869;,
   -0.000000;-0.659975;0.751288;,
   -0.902654;0.400443;-0.157676;,
   -0.137844;0.243245;-0.960120;,
   -0.932093;0.228134;-0.281348;,
   -0.076338;0.474040;-0.877188;,
   0.903960;0.374050;-0.207228;,
   0.773295;0.102657;0.625681;,
   0.914685;0.085139;-0.395100;,
   0.679421;0.249204;0.690133;,
   -0.576579;0.188239;0.795062;,
   -0.448426;0.333979;0.829079;,
   0.914685;0.085139;-0.395100;,
   0.903960;0.374050;-0.207228;,
   -0.161772;0.014209;-0.986726;,
   -0.968080;0.083844;-0.236204;,
   0.735520;-0.082972;0.672403;,
   0.895421;-0.162767;-0.414402;,
   -0.607163;0.047606;0.793150;,
   0.895421;-0.162767;-0.414402;,
   -0.038464;-0.978147;-0.204328;,
   0.008571;-0.942115;-0.335180;,
   0.002440;-0.992977;-0.118286;,
   0.050704;-0.975184;-0.215512;,
   0.062726;-0.997854;0.018784;,
   0.002440;-0.992977;-0.118286;,
   -0.075166;-0.996410;0.038962;,
   -0.074030;-0.995889;0.052208;,
   0.050704;-0.975184;-0.215512;,
   0.063438;0.997841;0.016976;,
   0.074799;0.995376;0.060264;,
   -0.000000;0.999797;-0.020145;,
   0.069714;0.994714;-0.075395;,
   0.063983;0.991617;-0.112263;,
   -0.000000;0.998486;0.055009;,
   0.000000;0.049620;-0.998768;;
   240;
   3;0,1,2;,
   3;1,0,3;,
   3;4,0,5;,
   3;0,4,3;,
   3;6,7,8;,
   3;7,6,4;,
   3;2,9,10;,
   3;9,2,1;,
   3;11,12,13;,
   3;12,11,14;,
   3;12,15,13;,
   3;15,12,16;,
   3;17,18,19;,
   3;18,17,20;,
   3;20,21,18;,
   3;21,20,22;,
   3;18,23,19;,
   3;23,18,24;,
   3;18,25,24;,
   3;25,18,21;,
   3;23,12,14;,
   3;12,23,24;,
   3;24,16,12;,
   3;16,24,25;,
   3;26,27,28;,
   3;27,26,29;,
   3;28,30,31;,
   3;30,28,27;,
   3;32,33,34;,
   3;33,32,35;,
   3;35,36,33;,
   3;36,35,37;,
   3;34,38,39;,
   3;38,34,33;,
   3;33,40,38;,
   3;40,33,36;,
   3;39,27,29;,
   3;27,39,38;,
   3;38,30,27;,
   3;30,38,40;,
   3;14,7,41;,
   3;7,14,11;,
   3;8,42,43;,
   3;42,8,44;,
   3;2,45,0;,
   3;45,2,46;,
   3;46,47,45;,
   3;47,46,48;,
   3;48,23,47;,
   3;23,48,19;,
   3;26,16,29;,
   3;16,26,15;,
   3;29,25,39;,
   3;25,29,16;,
   3;25,34,39;,
   3;34,25,21;,
   3;21,32,34;,
   3;32,21,22;,
   3;0,41,5;,
   3;41,0,45;,
   3;45,14,41;,
   3;14,45,47;,
   3;47,23,14;,
   3;8,11,44;,
   3;7,11,8;,
   3;11,13,49;,
   3;13,50,49;,
   3;50,13,15;,
   3;15,51,50;,
   3;51,15,26;,
   3;51,28,52;,
   3;28,51,26;,
   3;52,31,53;,
   3;31,52,28;,
   3;4,5,7;,
   3;5,41,7;,
   3;17,54,55;,
   3;43,6,8;,
   3;10,46,2;,
   3;46,10,56;,
   3;46,57,48;,
   3;57,46,56;,
   3;57,58,48;,
   3;58,54,19;,
   3;19,54,17;,
   3;11,49,44;,
   3;59,60,61;,
   3;60,59,62;,
   3;63,64,65;,
   3;64,63,66;,
   3;65,67,68;,
   3;67,65,64;,
   3;68,62,59;,
   3;62,68,67;,
   3;61,69,70;,
   3;69,61,60;,
   3;62,71,60;,
   3;71,62,72;,
   3;66,73,64;,
   3;73,66,74;,
   3;64,75,67;,
   3;75,64,73;,
   3;67,72,62;,
   3;72,67,75;,
   3;60,76,69;,
   3;76,60,71;,
   3;77,78,79;,
   3;80,81,82;,
   3;82,83,84;,
   3;83,82,81;,
   3;83,77,84;,
   3;77,83,78;,
   3;79,78,85;,
   3;86,87,88;,
   3;89,87,86;,
   3;90,87,89;,
   3;91,87,90;,
   3;88,87,92;,
   3;93,94,95;,
   3;94,93,96;,
   3;97,93,95;,
   3;93,97,98;,
   3;99,100,97;,
   3;100,99,101;,
   3;96,102,94;,
   3;102,96,103;,
   3;104,105,106;,
   3;105,104,107;,
   3;105,108,109;,
   3;108,105,107;,
   3;110,111,112;,
   3;111,110,113;,
   3;112,114,115;,
   3;114,112,111;,
   3;116,111,113;,
   3;111,116,117;,
   3;111,118,114;,
   3;118,111,117;,
   3;116,105,117;,
   3;105,116,106;,
   3;117,109,118;,
   3;109,117,105;,
   3;119,120,121;,
   3;120,119,122;,
   3;122,123,120;,
   3;123,122,124;,
   3;125,126,127;,
   3;126,125,128;,
   3;127,129,130;,
   3;129,127,126;,
   3;128,131,126;,
   3;131,128,132;,
   3;126,133,129;,
   3;133,126,131;,
   3;132,120,131;,
   3;120,132,121;,
   3;131,123,133;,
   3;123,131,120;,
   3;106,100,104;,
   3;100,106,134;,
   3;42,101,43;,
   3;101,42,135;,
   3;96,136,137;,
   3;136,96,93;,
   3;137,138,139;,
   3;138,137,136;,
   3;139,116,113;,
   3;116,139,138;,
   3;119,109,108;,
   3;109,119,121;,
   3;121,118,109;,
   3;118,121,132;,
   3;118,128,114;,
   3;128,118,132;,
   3;114,125,115;,
   3;125,114,128;,
   3;93,134,136;,
   3;134,93,98;,
   3;136,106,138;,
   3;106,136,134;,
   3;138,106,116;,
   3;101,135,104;,
   3;100,101,104;,
   3;104,140,107;,
   3;107,141,108;,
   3;141,107,140;,
   3;108,142,119;,
   3;142,108,141;,
   3;142,122,119;,
   3;122,142,143;,
   3;143,124,122;,
   3;124,143,144;,
   3;97,100,98;,
   3;98,100,134;,
   3;110,145,146;,
   3;43,101,99;,
   3;103,137,147;,
   3;137,103,96;,
   3;137,148,147;,
   3;148,137,139;,
   3;148,139,149;,
   3;149,113,146;,
   3;113,110,146;,
   3;104,135,140;,
   3;150,151,152;,
   3;151,150,153;,
   3;154,155,156;,
   3;155,154,157;,
   3;157,158,155;,
   3;158,157,159;,
   3;159,152,158;,
   3;152,159,150;,
   3;153,160,151;,
   3;160,153,161;,
   3;152,162,163;,
   3;162,152,151;,
   3;156,164,165;,
   3;164,156,155;,
   3;155,166,164;,
   3;166,155,158;,
   3;158,163,166;,
   3;163,158,152;,
   3;151,167,162;,
   3;167,151,160;,
   3;168,169,170;,
   3;171,172,173;,
   3;172,174,173;,
   3;174,172,175;,
   3;168,174,175;,
   3;174,168,170;,
   3;169,176,170;,
   3;177,178,179;,
   3;180,177,179;,
   3;181,180,179;,
   3;91,181,179;,
   3;178,182,179;,
   3;6,43,183;,
   3;43,99,183;,
   3;48,58,19;,
   3;149,139,113;;
  }

  MeshMaterialList {
   1;
   240;
   0,
   0,
   0,
   0,
   0,
   0,
   0,
   0,
   0,
   0,
   0,
   0,
   0,
   0,
   0,
   0,
   0,
   0,
   0,
   0,
   0,
   0,
   0,
   0,
   0,
   0,
   0,
   0,
   0,
   0,
   0,
   0,
   0,
   0,
   0,
   0,
   0,
   0,
   0,
   0,
   0,
   0,
   0,
   0,
   0,
   0,
   0,
   0,
   0,
   0,
   0,
   0,
   0,
   0,
   0,
   0,
   0,
   0,
   0,
   0,
   0,
   0,
   0,
   0,
   0,
   0,
   0,
   0,
   0,
   0,
   0,
   0,
   0,
   0,
   0,
   0,
   0,
   0,
   0,
   0,
   0,
   0,
   0,
   0,
   0,
   0,
   0,
   0,
   0,
   0,
   0,
   0,
   0,
   0,
   0,
   0,
   0,
   0,
   0,
   0,
   0,
   0,
   0,
   0,
   0,
   0,
   0,
   0,
   0,
   0,
   0,
   0,
   0,
   0,
   0,
   0,
   0,
   0,
   0,
   0,
   0,
   0,
   0,
   0,
   0,
   0,
   0,
   0,
   0,
   0,
   0,
   0,
   0,
   0,
   0,
   0,
   0,
   0,
   0,
   0,
   0,
   0,
   0,
   0,
   0,
   0,
   0,
   0,
   0,
   0,
   0,
   0,
   0,
   0,
   0,
   0,
   0,
   0,
   0,
   0,
   0,
   0,
   0,
   0,
   0,
   0,
   0,
   0,
   0,
   0,
   0,
   0,
   0,
   0,
   0,
   0,
   0,
   0,
   0,
   0,
   0,
   0,
   0,
   0,
   0,
   0,
   0,
   0,
   0,
   0,
   0,
   0,
   0,
   0,
   0,
   0,
   0,
   0,
   0,
   0,
   0,
   0,
   0,
   0,
   0,
   0,
   0,
   0,
   0,
   0,
   0,
   0,
   0,
   0,
   0,
   0,
   0,
   0,
   0,
   0,
   0,
   0,
   0,
   0,
   0,
   0,
   0,
   0,
   0,
   0,
   0,
   0,
   0,
   0,
   0,
   0,
   0,
   0,
   0,
   0;
   { Material__63 }
  }

  MeshTextureCoords c1 {
   184;
   0.655813;0.551967;,
   0.743800;0.525881;,
   0.742871;0.560734;,
   0.641080;0.532184;,
   0.584580;0.529494;,
   0.606445;0.568359;,
   0.546494;0.529494;,
   0.577148;0.587302;,
   0.539063;0.589255;,
   0.785156;0.527344;,
   0.785156;0.562500;,
   0.571289;0.614258;,
   0.620117;0.710938;,
   0.583008;0.711914;,
   0.616211;0.614258;,
   0.594506;0.771531;,
   0.633000;0.774497;,
   0.781250;0.617188;,
   0.729492;0.701172;,
   0.738281;0.629883;,
   0.774414;0.709961;,
   0.722656;0.771484;,
   0.768555;0.771484;,
   0.680442;0.630412;,
   0.676758;0.704102;,
   0.676865;0.770649;,
   0.605824;0.832777;,
   0.655273;0.876953;,
   0.614239;0.877417;,
   0.646854;0.829473;,
   0.661133;0.920898;,
   0.624241;0.921906;,
   0.758789;0.829102;,
   0.722656;0.876953;,
   0.724609;0.825195;,
   0.753906;0.876953;,
   0.717773;0.921875;,
   0.747070;0.921875;,
   0.679688;0.875977;,
   0.676509;0.820604;,
   0.683312;0.921037;,
   0.622070;0.584179;,
   0.500619;0.616203;,
   0.500619;0.591797;,
   0.512254;0.615234;,
   0.677476;0.591903;,
   0.744141;0.590818;,
   0.681533;0.613193;,
   0.741211;0.610742;,
   0.537109;0.710938;,
   0.551758;0.772461;,
   0.567383;0.843750;,
   0.577047;0.878556;,
   0.591797;0.923828;,
   0.781250;0.609375;,
   0.785156;0.617188;,
   0.785156;0.589844;,
   0.785156;0.609375;,
   0.781250;0.605469;,
   0.661133;0.920898;,
   0.631226;0.953271;,
   0.624241;0.921906;,
   0.663504;0.952374;,
   0.747070;0.921875;,
   0.712891;0.952148;,
   0.717773;0.921875;,
   0.742408;0.952905;,
   0.685379;0.952245;,
   0.683312;0.921037;,
   0.604492;0.955078;,
   0.591797;0.923828;,
   0.637695;0.980469;,
   0.666342;0.980486;,
   0.708984;0.980469;,
   0.738281;0.980469;,
   0.687500;0.980469;,
   0.615234;0.981445;,
   0.666342;0.980486;,
   0.639519;0.992693;,
   0.637695;0.980469;,
   0.738281;0.980469;,
   0.715812;0.992156;,
   0.708984;0.980469;,
   0.685860;0.991764;,
   0.687500;0.980469;,
   0.615234;0.981445;,
   0.641080;0.532184;,
   0.647127;0.514469;,
   0.743800;0.525881;,
   0.584580;0.529494;,
   0.546494;0.529494;,
   0.500619;0.529297;,
   0.785156;0.527344;,
   0.346322;0.551758;,
   0.256345;0.525618;,
   0.364277;0.538790;,
   0.259408;0.560547;,
   0.416635;0.529297;,
   0.395150;0.568359;,
   0.454721;0.529297;,
   0.424447;0.586914;,
   0.462533;0.588867;,
   0.210938;0.527344;,
   0.210938;0.562500;,
   0.430307;0.614258;,
   0.381479;0.710938;,
   0.385385;0.614258;,
   0.418588;0.711914;,
   0.406869;0.771484;,
   0.368783;0.774414;,
   0.218750;0.617188;,
   0.272104;0.701172;,
   0.227182;0.709961;,
   0.263314;0.629883;,
   0.278939;0.771484;,
   0.233041;0.771484;,
   0.321908;0.630859;,
   0.324838;0.704102;,
   0.324838;0.770508;,
   0.396127;0.833008;,
   0.346322;0.876953;,
   0.355111;0.829102;,
   0.387338;0.876953;,
   0.340463;0.920898;,
   0.377572;0.921875;,
   0.242807;0.829102;,
   0.278939;0.876953;,
   0.247690;0.876953;,
   0.276986;0.825195;,
   0.283822;0.921875;,
   0.254525;0.921875;,
   0.321908;0.875977;,
   0.325814;0.820313;,
   0.318979;0.920898;,
   0.379525;0.583984;,
   0.489342;0.615234;,
   0.324838;0.591797;,
   0.257455;0.590820;,
   0.319955;0.613281;,
   0.260385;0.610352;,
   0.464486;0.710938;,
   0.449838;0.772461;,
   0.434213;0.843750;,
   0.424447;0.878906;,
   0.409799;0.923828;,
   0.214844;0.617188;,
   0.217416;0.610352;,
   0.210938;0.589844;,
   0.210938;0.609375;,
   0.216440;0.603516;,
   0.340463;0.920898;,
   0.370736;0.953125;,
   0.338510;0.952148;,
   0.377572;0.921875;,
   0.254525;0.921875;,
   0.288705;0.952148;,
   0.259408;0.953125;,
   0.283822;0.921875;,
   0.317025;0.952148;,
   0.318979;0.920898;,
   0.397104;0.955078;,
   0.409799;0.923828;,
   0.363900;0.980469;,
   0.335580;0.980469;,
   0.292611;0.980469;,
   0.263314;0.980469;,
   0.314096;0.980469;,
   0.386361;0.981445;,
   0.335580;0.980469;,
   0.363900;0.980469;,
   0.361947;0.993164;,
   0.263314;0.980469;,
   0.292611;0.980469;,
   0.285775;0.992188;,
   0.316049;0.992188;,
   0.314096;0.980469;,
   0.386361;0.981445;,
   0.364277;0.538790;,
   0.256345;0.525618;,
   0.355111;0.514648;,
   0.416635;0.529297;,
   0.454721;0.529297;,
   0.210938;0.527344;,
   0.500619;0.529297;;
  }

  XSkinMeshHeader {
   2;
   3;
   8;
  }

