xof 0303txt 0032
template XSkinMeshHeader {
 <3cf169ce-ff7c-44ab-93c0-f78f62d172e2>
 WORD nMaxSkinWeightsPerVertex;
 WORD nMaxSkinWeightsPerFace;
 WORD nBones;
}

template VertexDuplicationIndices {
 <b8d65549-d7c9-4995-89cf-53a9a8b031e3>
 DWORD nIndices;
 DWORD nOriginalVertices;
 array DWORD indices[nIndices];
}

template SkinWeights {
 <6f0d123b-bad2-4167-a0d0-80224f25fabb>
 STRING transformNodeName;
 DWORD nWeights;
 array DWORD vertexIndices[nWeights];
 array FLOAT weights[nWeights];
 Matrix4x4 matrixOffset;
}

template AnimTicksPerSecond {
 <9e415a43-7ba6-4a73-8743-b73d47e88476>
 DWORD AnimTicksPerSecond;
}

template VertexElement {
 <f752461c-1e23-48f6-b9f8-8350850f336f>
 DWORD Type;
 DWORD Method;
 DWORD Usage;
 DWORD UsageIndex;
}

template DeclData {
 <bf22e553-292c-4781-9fea-62bd554bdd93>
 DWORD nElements;
 array VertexElement Elements[nElements];
 DWORD nDWords;
 array DWORD data[nDWords];
}


AnimTicksPerSecond {
 4800;
}

Frame Dummy01 {
 

 FrameTransformMatrix {
  1.000000,0.000000,0.000000,0.000000,0.000000,-0.000000,-1.000000,0.000000,0.000000,1.000000,-0.000000,0.000000,0.000000,0.000000,0.000000,1.000000;;
 }

 Frame Bip01 {
  

  FrameTransformMatrix {
   -0.422870,0.880326,-0.214958,0.000000,-0.019481,0.228324,0.973390,0.000000,0.905981,0.415805,-0.079402,0.000000,0.003259,0.012382,0.448129,1.000000;;
  }

  Frame Bip01_Pelvis {
   

   FrameTransformMatrix {
    -0.009909,0.997030,-0.076371,0.000000,-0.031306,0.076028,0.996614,0.000000,0.999461,0.012266,0.030460,0.000000,0.000000,0.000000,0.000000,1.000000;;
   }

   Frame Bip01_Spine {
    

    FrameTransformMatrix {
     0.930496,0.149639,0.334345,0.000000,-0.131849,0.988396,-0.075424,0.000000,-0.341751,0.026099,0.939428,0.000000,0.051509,0.003923,0.000554,1.000000;;
    }

    Frame Bip01_Spine1 {
     

     FrameTransformMatrix {
      0.907364,0.140509,0.396166,0.000000,-0.131881,0.990049,-0.049089,0.000000,-0.399122,-0.007705,0.916866,0.000000,0.106514,0.000001,-0.000078,1.000000;;
     }

     Frame Bip01_Neck {
      

      FrameTransformMatrix {
       0.978278,0.146520,0.146640,0.000000,-0.098726,0.951333,-0.291924,0.000000,-0.182276,0.271106,0.945133,0.000000,0.130509,-0.000007,0.004627,1.000000;;
      }

      Frame Bip01_Head {
       

       FrameTransformMatrix {
        0.705586,-0.014560,-0.708475,0.000000,0.050693,0.998265,0.029970,0.000000,0.706809,-0.057061,0.705099,0.000000,0.033674,0.000000,-0.000000,1.000000;;
       }

       Frame Bip01_HeadNub {
        

        FrameTransformMatrix {
         1.000000,0.000000,0.000000,0.000000,0.000000,1.000000,0.000000,0.000000,0.000000,-0.000000,1.000000,0.000000,0.169824,0.000000,0.000000,1.000000;;
        }
       }
      }

      Frame Bip01_L_Clavicle {
       

       FrameTransformMatrix {
        0.174988,0.965666,0.192012,0.000000,0.971816,-0.138116,-0.191044,0.000000,-0.157965,0.220031,-0.962618,0.000000,-0.021882,0.018680,0.004269,1.000000;;
       }

       Frame Bip01_L_UpperArm {
        

        FrameTransformMatrix {
         0.346379,-0.900199,-0.263939,0.000000,0.937413,0.342870,0.060808,0.000000,0.035757,-0.268482,0.962621,0.000000,0.087086,0.000000,0.000000,1.000000;;
        }

        Frame Bip01_L_Forearm {
         

         FrameTransformMatrix {
          -0.170352,0.000000,-0.985383,0.000000,-0.000000,1.000000,-0.000000,0.000000,0.985383,0.000000,-0.170352,0.000000,0.137062,0.000000,0.000000,1.000000;;
         }

         Frame Bip01_L_Hand {
          

          FrameTransformMatrix {
           0.953501,0.130826,-0.271517,0.000000,0.264149,-0.796539,0.543830,0.000000,-0.145127,-0.590263,-0.794058,0.000000,0.137062,-0.000000,0.000000,1.000000;;
          }

          Frame Bip01_L_Finger0 {
           

           FrameTransformMatrix {
            0.434157,-0.900562,0.022271,0.000000,0.891588,0.426034,-0.153516,0.000000,0.128762,0.086507,0.987896,0.000000,0.057681,-0.023605,-0.000272,1.000000;;
           }

           Frame Bip01_L_Finger0Nub {
            

            FrameTransformMatrix {
             1.000000,0.000000,0.000000,0.000000,-0.000000,1.000000,-0.000000,0.000000,0.000000,-0.000000,1.000000,0.000000,0.029435,0.000000,0.000000,1.000000;;
            }
           }
          }

          Frame Bip01_L_Finger1 {
           

           FrameTransformMatrix {
            0.391047,0.023068,0.920081,0.000000,-0.262234,0.961042,0.087358,0.000000,-0.882222,-0.275437,0.381862,0.000000,0.084102,0.000000,0.000000,1.000000;;
           }

           Frame Bip01_L_Finger1Nub {
            

            FrameTransformMatrix {
             1.000000,-0.000000,0.000000,0.000000,0.000000,1.000000,0.000000,0.000000,0.000000,0.000000,1.000000,0.000000,0.047988,0.000000,-0.000000,1.000000;;
            }
           }
          }
         }
        }
       }
      }

      Frame Bip01_R_Clavicle {
       

       FrameTransformMatrix {
        -0.319003,-0.909751,-0.265687,0.000000,-0.936978,0.260577,0.232749,0.000000,-0.142511,0.323191,-0.935542,0.000000,-0.026487,-0.011220,-0.004251,1.000000;;
       }

       Frame Bip01_R_UpperArm {
        

        FrameTransformMatrix {
         0.337457,0.938838,-0.068598,0.000000,-0.878442,0.340263,0.335502,0.000000,0.338323,-0.052958,0.939539,0.000000,0.087086,-0.000000,0.000000,1.000000;;
        }

        Frame Bip01_R_Forearm {
         

         FrameTransformMatrix {
          -0.263601,0.000000,-0.964632,0.000000,0.000000,1.000000,-0.000000,0.000000,0.964632,0.000000,-0.263601,0.000000,0.137062,-0.000000,-0.000000,1.000000;;
         }

         Frame Bip01_R_Hand {
          

          FrameTransformMatrix {
           0.992785,0.064489,0.101096,0.000000,0.001624,0.835769,-0.549079,0.000000,-0.119902,0.545282,0.829633,0.000000,0.137062,-0.000000,-0.000000,1.000000;;
          }

          Frame Bip01_R_Finger0 {
           

           FrameTransformMatrix {
            0.525453,0.830401,-0.185298,0.000000,-0.839298,0.541619,0.047216,0.000000,0.139568,0.130710,0.981548,0.000000,0.057681,0.023605,-0.000272,1.000000;;
           }

           Frame Bip01_R_Finger0Nub {
            

            FrameTransformMatrix {
             -1.000000,-0.000000,-0.000000,0.000000,0.000000,1.000000,-0.000000,0.000000,0.000000,0.000000,-1.000000,0.000000,0.029435,-0.000000,0.000000,1.000000;;
            }
           }
          }

          Frame Bip01_R_Finger1 {
           

           FrameTransformMatrix {
            0.375074,0.000738,0.926994,0.000000,-0.000000,1.000000,-0.000796,0.000000,-0.926995,0.000299,0.375074,0.000000,0.084102,-0.000000,0.000000,1.000000;;
           }

           Frame Bip01_R_Finger1Nub {
            

            FrameTransformMatrix {
             -1.000000,0.000000,-0.000000,0.000000,-0.000000,1.000000,0.000000,0.000000,0.000000,0.000000,-1.000000,0.000000,0.047988,0.000000,0.000000,1.000000;;
            }
           }
          }
         }
        }
       }
      }
     }

     Frame Bip01_BackPack {
      

      FrameTransformMatrix {
       -0.164536,0.321284,-0.932580,0.000000,0.125289,0.944614,0.303325,0.000000,0.978382,-0.066934,-0.195677,0.000000,0.043238,0.001401,-0.084748,1.000000;;
      }

      Frame Bip01_BackPackNub {
       

       FrameTransformMatrix {
        0.000796,0.000003,1.000000,0.000000,0.000000,-1.000000,0.000003,0.000000,1.000000,0.000000,-0.000796,0.000000,0.053240,-0.000000,0.000000,1.000000;;
       }
      }
     }
    }

    Frame Bip01_L_Thigh {
     

     FrameTransformMatrix {
      -0.195570,0.273595,0.941753,0.000000,-0.088577,-0.961299,0.260879,0.000000,0.976682,-0.032397,0.212235,0.000000,-0.040437,0.057540,0.018422,1.000000;;
     }

     Frame Bip01_L_Calf {
      

      FrameTransformMatrix {
       0.632483,-0.000000,-0.774574,0.000000,0.000000,1.000000,-0.000000,0.000000,0.774574,0.000000,0.632483,0.000000,0.237500,0.000000,0.000000,1.000000;;
      }

      Frame Bip01_L_Foot {
       

       FrameTransformMatrix {
        0.935606,0.076635,0.344629,0.000000,-0.126938,0.983898,0.125826,0.000000,-0.329437,-0.161470,0.930268,0.000000,0.206841,-0.000000,0.000000,1.000000;;
       }

       Frame Bip01_L_Toe0 {
        

        FrameTransformMatrix {
         0.132994,0.006612,0.991095,0.000000,0.009838,0.999920,-0.007991,0.000000,-0.991068,0.010813,0.132918,0.000000,0.065373,0.000000,0.066450,1.000000;;
        }

        Frame Bip01_L_Toe0Nub {
         

         FrameTransformMatrix {
          -1.000000,0.000000,0.000000,0.000000,-0.000000,1.000000,-0.000000,0.000000,0.000000,-0.000000,-1.000000,0.000000,0.006735,0.000000,-0.000000,1.000000;;
         }
        }
       }
      }
     }
    }

    Frame Bip01_R_Thigh {
     

     FrameTransformMatrix {
      -0.938676,-0.203954,0.278013,0.000000,0.122577,-0.951013,-0.283812,0.000000,0.322278,-0.232330,0.917692,0.000000,-0.056965,-0.051629,0.015539,1.000000;;
     }

     Frame Bip01_R_Calf {
      

      FrameTransformMatrix {
       0.719801,0.000000,-0.694181,0.000000,0.000000,1.000000,-0.000000,0.000000,0.694181,0.000000,0.719801,0.000000,0.237500,0.000000,-0.000000,1.000000;;
      }

      Frame Bip01_R_Foot {
       

       FrameTransformMatrix {
        0.992092,-0.044707,0.117281,0.000000,0.033818,0.995068,0.093250,0.000000,-0.120871,-0.088546,0.988711,0.000000,0.206841,0.000000,-0.000000,1.000000;;
       }

       Frame Bip01_R_Toe0 {
        

        FrameTransformMatrix {
         -0.492740,-0.208486,0.844832,0.000000,0.175328,0.927176,0.331065,0.000000,-0.852331,0.311251,-0.420303,0.000000,0.065373,0.000000,0.066450,1.000000;;
        }

        Frame Bip01_R_Toe0Nub {
         

         FrameTransformMatrix {
          1.000000,-0.000000,0.000000,0.000000,0.000000,1.000000,0.000000,0.000000,-0.000000,-0.000000,1.000000,0.000000,0.006735,0.000000,0.000000,1.000000;;
         }
        }
       }
      }
     }
    }
   }

   Frame Bip01_DressFront {
    

    FrameTransformMatrix {
     -0.620722,0.241948,0.745765,0.000000,0.214635,0.967296,-0.135172,0.000000,-0.754080,0.076163,-0.652352,0.000000,-0.030214,0.000007,0.072869,1.000000;;
    }

    Frame Bip01_DressFront02 {
     

     FrameTransformMatrix {
      0.866064,0.000001,0.499933,0.000000,-0.000001,1.000000,-0.000000,0.000000,-0.499933,-0.000000,0.866064,0.000000,0.183390,0.000000,-0.000114,1.000000;;
     }

     Frame Bip01_DressFrontNub {
      

      FrameTransformMatrix {
       0.000796,0.000003,1.000000,0.000000,0.000000,-1.000000,0.000003,0.000000,1.000000,0.000000,-0.000796,0.000000,0.165302,0.000000,0.000000,1.000000;;
      }
     }
    }
   }

   Frame Bip01_DressBack {
    

    FrameTransformMatrix {
     -0.758337,0.091145,0.645460,0.000000,0.362375,0.882023,0.301197,0.000000,-0.541858,0.462307,-0.701899,0.000000,-0.047656,-0.000065,-0.078321,1.000000;;
    }

    Frame Bip01_DressBack02 {
     

     FrameTransformMatrix {
      0.780396,-0.312462,0.541617,0.000000,0.260018,0.949914,0.173360,0.000000,-0.568658,0.005540,0.822555,0.000000,0.176221,-0.000001,-0.000089,1.000000;;
     }

     Frame Bip01_DressBackNub {
      

      FrameTransformMatrix {
       0.000796,0.000003,1.000000,0.000000,0.000000,-1.000000,0.000003,0.000000,1.000000,-0.000000,-0.000796,0.000000,0.136508,0.000000,0.000000,1.000000;;
      }
     }
    }
   }
  }

  Frame Bip01_Prop1 {
   

   FrameTransformMatrix {
    -0.777342,-0.539125,0.324166,0.000000,0.204215,0.271134,0.940629,0.000000,-0.595009,0.797390,-0.100667,0.000000,0.168546,0.009530,-0.048846,1.000000;;
   }
  }

  Frame Bip01_Prop2 {
   

   FrameTransformMatrix {
    0.924330,-0.353356,-0.144063,0.000000,0.222777,0.806208,-0.548086,0.000000,0.309814,0.474519,0.823922,0.000000,0.145004,0.058208,0.172154,1.000000;;
   }
  }
 }

 Mesh Mesh {
  1467;
  0.047622;0.616196;-0.203920;,
  0.012014;0.611267;-0.188095;,
  0.010166;0.642320;-0.201941;,
  0.058696;0.599271;-0.191470;,
  0.062544;0.584588;-0.178383;,
  0.027883;0.559011;-0.153675;,
  0.016168;0.578228;-0.173611;,
  0.071662;0.576511;-0.145054;,
  0.019730;0.683619;-0.197889;,
  0.074070;0.680981;-0.175438;,
  0.056028;0.667630;-0.195975;,
  0.046536;0.692496;-0.169303;,
  0.090634;0.504528;-0.020642;,
  0.060374;0.518236;0.009403;,
  0.062858;0.504854;0.018738;,
  0.082750;0.514118;-0.023453;,
  0.056520;0.500348;-0.070402;,
  0.076746;0.481235;-0.054319;,
  0.019565;0.488588;-0.085337;,
  0.054665;0.454718;-0.068581;,
  0.024568;0.441088;-0.065681;,
  -0.025911;0.562453;-0.145474;,
  -0.023993;0.585123;-0.168614;,
  0.020994;0.517100;0.026367;,
  0.024688;0.500559;0.036319;,
  0.063819;0.619559;-0.047976;,
  0.014112;0.665379;-0.062418;,
  0.015352;0.630860;-0.032883;,
  0.067332;0.653299;-0.078993;,
  0.044964;0.440058;-0.087191;,
  0.087951;0.362820;-0.152445;,
  0.045832;0.381140;-0.164522;,
  0.086430;0.422308;-0.068864;,
  0.040740;0.304858;-0.238777;,
  0.076282;0.287992;-0.207614;,
  0.001509;0.430303;-0.069803;,
  0.022715;0.305723;-0.089066;,
  0.025965;0.373251;0.003298;,
  0.003303;0.358804;-0.139828;,
  0.029625;0.269389;-0.167075;,
  0.019922;0.283883;-0.202137;,
  0.099599;0.317793;-0.107366;,
  0.095516;0.380963;-0.029672;,
  0.069672;0.274971;-0.172481;,
  0.088608;0.011531;-0.199152;,
  0.048977;-0.000110;-0.155266;,
  0.043722;0.012920;-0.202020;,
  0.083832;-0.000492;-0.155595;,
  0.050341;0.233949;-0.223399;,
  0.088790;0.161399;-0.195103;,
  0.055704;0.160158;-0.219277;,
  0.085552;0.235913;-0.199495;,
  0.087542;0.081142;-0.187248;,
  0.065025;0.083067;-0.213569;,
  0.014409;0.213345;-0.193587;,
  0.032997;0.165654;-0.148460;,
  0.022240;0.230214;-0.141043;,
  0.030337;0.156164;-0.190137;,
  0.056751;0.088291;-0.160429;,
  0.050583;0.073336;-0.190656;,
  0.094313;0.168926;-0.157706;,
  0.092669;0.243162;-0.151109;,
  0.080458;0.094316;-0.162453;,
  0.086808;0.454061;-0.046757;,
  -0.017004;0.431060;-0.058303;,
  0.001509;0.430303;-0.069803;,
  -0.008557;0.400172;-0.039309;,
  0.110317;0.460073;0.002179;,
  0.074163;0.463638;0.044157;,
  0.101215;0.399045;-0.008999;,
  0.067296;0.401957;0.029312;,
  0.060309;0.574787;-0.020074;,
  0.088780;0.602311;-0.066826;,
  0.094381;0.593372;-0.084408;,
  0.059053;0.534057;-0.085040;,
  0.072026;0.563118;-0.121111;,
  0.082454;0.557776;-0.048414;,
  0.028721;0.544459;-0.135249;,
  0.028244;0.518329;-0.098076;,
  -0.025744;0.553481;-0.129892;,
  -0.019304;0.518136;-0.085039;,
  0.109639;0.595505;-0.207352;,
  0.135277;0.560686;-0.180983;,
  0.058498;0.596827;-0.190663;,
  0.107390;0.528873;-0.124313;,
  0.080712;0.548932;-0.159201;,
  0.151935;0.535719;-0.142194;,
  0.071981;0.625175;-0.138447;,
  0.080712;0.548932;-0.159201;,
  0.092237;0.589327;-0.108202;,
  0.119100;0.530349;-0.086208;,
  0.107390;0.528873;-0.124313;,
  0.080647;0.632072;-0.136047;,
  0.146810;0.601381;-0.130116;,
  0.120824;0.635101;-0.155820;,
  0.163555;0.536894;-0.104002;,
  0.121251;0.615248;-0.188078;,
  0.147116;0.544608;-0.161080;,
  0.086949;0.502328;-0.191182;,
  0.093291;0.537643;-0.142246;,
  0.121696;0.508470;-0.201296;,
  0.085891;0.477973;-0.222615;,
  0.103673;0.474494;-0.233488;,
  0.093291;0.537643;-0.142246;,
  0.111363;0.460313;-0.160973;,
  0.112112;0.491503;-0.103888;,
  0.086949;0.502328;-0.191182;,
  0.091152;0.448289;-0.204818;,
  0.085891;0.477973;-0.222615;,
  0.137968;0.465475;-0.168694;,
  0.165580;0.498588;-0.122698;,
  0.112239;0.445093;-0.213272;,
  0.050344;0.469568;-0.332262;,
  0.049534;0.453424;-0.277532;,
  0.063172;0.478104;-0.316565;,
  0.037163;0.445268;-0.293393;,
  0.110566;0.486540;-0.303681;,
  0.112071;0.471716;-0.311326;,
  0.106769;0.481242;-0.312810;,
  0.120097;0.480035;-0.301967;,
  0.057363;0.455901;-0.239124;,
  0.094556;0.465861;-0.285627;,
  0.052597;0.437300;-0.271174;,
  0.090207;0.487596;-0.258840;,
  0.062527;0.421685;-0.278631;,
  0.082550;0.427683;-0.238213;,
  0.117834;0.460324;-0.257999;,
  0.103279;0.449072;-0.291834;,
  0.083244;0.667452;-0.203861;,
  0.081468;0.644313;-0.222669;,
  0.056028;0.667630;-0.195975;,
  0.048248;0.645913;-0.208164;,
  0.097478;0.636547;-0.100086;,
  0.022791;0.657338;-0.208166;,
  0.076228;0.618160;-0.219111;,
  0.058696;0.599271;-0.191470;,
  0.047622;0.616196;-0.203920;,
  0.081670;0.605557;-0.202700;,
  0.095009;0.656569;-0.143154;,
  0.064364;0.673759;-0.118630;,
  0.096109;0.655575;-0.149110;,
  0.010060;0.684886;-0.101151;,
  0.000212;0.694764;-0.159565;,
  0.074070;0.680981;-0.175438;,
  0.096109;0.655575;-0.149110;,
  0.072371;0.604918;-0.158281;,
  0.094864;0.643957;-0.148525;,
  0.058498;0.596827;-0.190663;,
  0.090593;0.610952;-0.117212;,
  0.074349;0.585159;-0.133713;,
  0.062544;0.584588;-0.178383;,
  0.100074;0.623283;-0.111086;,
  0.090207;0.487596;-0.258840;,
  0.021949;0.680331;-0.218166;,
  0.012698;0.695482;-0.204297;,
  -0.007244;0.693720;-0.191941;,
  -0.013337;0.702556;-0.200129;,
  0.103279;0.449072;-0.291834;,
  0.050344;0.469568;-0.332262;,
  0.037163;0.445268;-0.293393;,
  0.101627;0.489865;-0.286152;,
  0.118045;0.469864;-0.284968;,
  0.101627;0.489865;-0.286152;,
  0.095778;0.477909;-0.297971;,
  0.103011;0.455106;-0.292189;,
  0.103011;0.455106;-0.292189;,
  0.110566;0.486540;-0.303681;,
  0.120097;0.480035;-0.301967;,
  0.112071;0.471716;-0.311326;,
  0.095231;0.052707;-0.267509;,
  0.064777;0.044102;-0.316326;,
  0.063676;0.060114;-0.304421;,
  0.100533;0.033707;-0.280228;,
  0.045662;0.034966;-0.156655;,
  0.043722;0.012920;-0.202020;,
  0.048977;-0.000110;-0.155266;,
  0.042663;0.037671;-0.197845;,
  0.056751;0.088291;-0.160429;,
  0.087237;0.037507;-0.156444;,
  0.080458;0.094316;-0.162453;,
  0.088608;0.011531;-0.199152;,
  0.083832;-0.000492;-0.155595;,
  0.090195;0.045865;-0.192276;,
  0.065025;0.083067;-0.213569;,
  0.087542;0.081142;-0.187248;,
  0.036132;0.054758;-0.295095;,
  0.029824;0.041774;-0.306178;,
  0.100533;0.033707;-0.280228;,
  0.029824;0.041774;-0.306178;,
  0.003303;0.358804;-0.139828;,
  0.019922;0.283883;-0.202137;,
  0.014409;0.213345;-0.193587;,
  0.030337;0.156164;-0.190137;,
  0.050583;0.073336;-0.190656;,
  0.050583;0.073336;-0.190656;,
  0.012450;0.398290;0.008221;,
  0.032762;0.675875;-0.234823;,
  0.014923;0.660983;-0.248394;,
  0.023859;0.666704;-0.252062;,
  0.014060;0.666664;-0.228677;,
  0.025518;0.701212;-0.217984;,
  0.017966;0.716854;-0.201225;,
  0.006838;0.804450;-0.286998;,
  -0.013294;0.789054;-0.310243;,
  -0.012817;0.809029;-0.288063;,
  0.020027;0.726636;-0.311891;,
  0.002963;0.723765;-0.317665;,
  0.016623;0.756144;-0.312608;,
  0.029784;0.684943;-0.261480;,
  0.038280;0.703315;-0.239676;,
  0.031385;0.689344;-0.229768;,
  0.039839;0.741877;-0.233814;,
  0.040020;0.744602;-0.258198;,
  0.030310;0.767573;-0.299306;,
  0.039392;0.777818;-0.274961;,
  0.035359;0.732367;-0.282095;,
  0.037498;0.750447;-0.219551;,
  0.027014;0.764552;-0.202541;,
  -0.011921;0.769224;-0.191682;,
  0.020794;0.805239;-0.228195;,
  -0.011892;0.810508;-0.218613;,
  0.035740;0.711086;-0.274189;,
  0.020170;0.671645;-0.271587;,
  0.020925;0.699241;-0.294623;,
  0.005335;0.644796;-0.275048;,
  -0.014013;0.643292;-0.262009;,
  -0.014325;0.638800;-0.282666;,
  0.012361;0.777306;-0.310086;,
  0.026472;0.794591;-0.283733;,
  0.035634;0.796790;-0.245555;,
  0.022051;0.810765;-0.259048;,
  0.004945;0.818118;-0.254433;,
  -0.012241;0.821122;-0.252675;,
  -0.012286;0.729053;-0.191072;,
  0.035634;0.796790;-0.245555;,
  0.022051;0.810765;-0.259048;,
  0.043157;0.733407;-0.245062;,
  0.049852;0.737027;-0.232400;,
  0.042753;0.705652;-0.241161;,
  0.046684;0.752652;-0.245950;,
  0.049852;0.737027;-0.232400;,
  0.042753;0.705652;-0.241161;,
  0.046684;0.752652;-0.245950;,
  0.040020;0.744602;-0.258198;,
  0.040306;0.719456;-0.257212;,
  0.038280;0.703315;-0.239676;,
  0.020744;0.720437;-0.301409;,
  0.040306;0.719456;-0.257212;,
  0.022791;0.657338;-0.208166;,
  0.021949;0.680331;-0.218166;,
  0.048248;0.645913;-0.208164;,
  0.025518;0.701212;-0.217984;,
  -0.021276;0.626418;-0.198438;,
  -0.022156;0.608189;-0.182741;,
  -0.021646;0.486437;-0.071254;,
  0.035854;0.460945;0.061430;,
  0.037537;0.426882;0.065103;,
  0.034305;0.403375;0.057249;,
  -0.013329;0.642589;-0.237301;,
  0.012450;0.398290;0.008221;,
  0.004945;0.818118;-0.254433;,
  -0.012241;0.821122;-0.252675;,
  0.006026;0.673301;-0.289565;,
  -0.001505;0.692987;-0.302891;,
  -0.001364;0.683702;-0.300247;,
  -0.013528;0.776356;-0.319112;,
  -0.013836;0.751622;-0.325075;,
  0.000978;0.718024;-0.306150;,
  0.016074;0.581276;-0.004575;,
  0.048248;0.645913;-0.208164;,
  0.064777;0.044102;-0.316326;,
  -0.002381;0.663153;-0.293308;,
  0.005402;0.667094;-0.287373;,
  -0.002487;0.668813;-0.291289;,
  -0.014218;0.681402;-0.304565;,
  -0.014319;0.686779;-0.316045;,
  -0.002793;0.671145;-0.297046;,
  -0.014164;0.669056;-0.291718;,
  -0.014286;0.660878;-0.295281;,
  -0.014099;0.720894;-0.323439;,
  -0.014086;0.713071;-0.316941;,
  0.094864;0.643957;-0.148525;,
  -0.014268;0.670225;-0.300488;,
  0.071440;0.620301;-0.150341;,
  0.072371;0.604918;-0.158281;,
  0.062544;0.584588;-0.178383;,
  0.037498;0.750447;-0.219551;,
  0.050341;0.233949;-0.223399;,
  0.028618;0.152995;-0.223987;,
  0.007571;0.226802;-0.217709;,
  0.055704;0.160158;-0.219277;,
  0.040740;0.304858;-0.238777;,
  0.000924;0.294991;-0.215396;,
  0.045832;0.381140;-0.164522;,
  -0.006840;0.361453;-0.144929;,
  0.044964;0.440058;-0.087191;,
  -0.007803;0.427674;-0.085783;,
  0.024568;0.441088;-0.065681;,
  0.038648;0.082268;-0.232957;,
  0.065025;0.083067;-0.213569;,
  0.043840;0.155516;-0.114806;,
  0.051724;0.082570;0.054787;,
  0.053102;0.085944;-0.113489;,
  0.040108;0.149023;0.034665;,
  0.024346;0.207983;0.013898;,
  0.028625;0.229197;-0.127913;,
  0.020465;0.260895;0.005788;,
  0.027220;0.257029;-0.141127;,
  0.024180;0.295504;-0.078237;,
  0.023044;0.325906;0.018034;,
  0.039371;0.400583;0.065897;,
  0.071440;0.620301;-0.150341;,
  -0.085970;0.638144;-0.171158;,
  -0.051945;0.624315;-0.175106;,
  -0.094770;0.625478;-0.155080;,
  -0.043864;0.652887;-0.191525;,
  -0.100543;0.617474;-0.144257;,
  -0.075534;0.578189;-0.129931;,
  -0.101918;0.608700;-0.105202;,
  -0.062481;0.594273;-0.157640;,
  -0.036207;0.694324;-0.187394;,
  -0.074867;0.710125;-0.144280;,
  -0.043529;0.710870;-0.151013;,
  -0.075930;0.688664;-0.164488;,
  -0.061839;0.504261;0.046737;,
  -0.018651;0.520048;0.042432;,
  -0.058250;0.517351;0.035477;,
  -0.014022;0.504719;0.052712;,
  -0.074727;0.503358;-0.015547;,
  -0.077322;0.480966;0.013765;,
  -0.060426;0.490422;-0.051904;,
  -0.073768;0.452337;-0.014110;,
  -0.050477;0.440957;-0.032518;,
  0.020994;0.517100;0.026367;,
  0.024688;0.500559;0.036319;,
  -0.035402;0.635594;-0.021819;,
  0.014112;0.665379;-0.062418;,
  -0.041798;0.673536;-0.053937;,
  0.015352;0.630860;-0.032883;,
  -0.075295;0.401861;-0.012412;,
  -0.118033;0.329443;0.066939;,
  -0.086020;0.417282;0.034564;,
  -0.101692;0.313092;0.025453;,
  -0.120573;0.216720;0.061873;,
  -0.120322;0.243844;0.105014;,
  -0.026557;0.391100;-0.014832;,
  -0.013638;0.318701;0.089726;,
  -0.048873;0.301834;0.024569;,
  0.018365;0.392545;0.061748;,
  -0.055307;0.243578;0.104499;,
  -0.075665;0.222653;0.077076;,
  -0.083464;0.343260;0.119942;,
  -0.053979;0.409318;0.086375;,
  -0.088824;0.259099;0.121820;,
  -0.050050;0.092081;0.324957;,
  0.005680;0.114527;0.329696;,
  -0.024267;0.123660;0.345021;,
  -0.013119;0.077829;0.303557;,
  -0.098206;0.189093;0.124371;,
  -0.088342;0.177807;0.209915;,
  -0.108128;0.220240;0.151692;,
  -0.080293;0.147763;0.183209;,
  -0.062951;0.132030;0.269907;,
  -0.061455;0.105169;0.247761;,
  -0.047840;0.182182;0.128837;,
  -0.019256;0.190013;0.190303;,
  -0.042166;0.154945;0.181384;,
  -0.023406;0.231220;0.139083;,
  -0.025760;0.145194;0.256848;,
  -0.032525;0.114472;0.257655;,
  -0.069760;0.209884;0.220473;,
  -0.083424;0.260173;0.167168;,
  -0.046876;0.155590;0.264044;,
  -0.078425;0.453772;0.026260;,
  -0.026557;0.391100;-0.014832;,
  -0.058086;0.459778;0.076598;,
  -0.002717;0.463503;0.078131;,
  -0.050717;0.417761;0.084207;,
  -0.000589;0.419142;0.082436;,
  -0.029562;0.586498;0.007156;,
  -0.070810;0.628102;-0.024755;,
  -0.087101;0.622701;-0.036566;,
  -0.076949;0.551780;-0.043833;,
  -0.067967;0.577379;-0.002838;,
  -0.097116;0.590453;-0.076522;,
  -0.074964;0.561215;-0.107916;,
  -0.064341;0.530394;-0.070024;,
  -0.131377;0.619696;-0.134267;,
  -0.077807;0.624062;-0.136871;,
  -0.144416;0.594720;-0.092182;,
  -0.097314;0.580562;-0.040855;,
  -0.145614;0.583281;-0.043927;,
  -0.085057;0.587905;-0.087705;,
  -0.075058;0.666572;-0.093314;,
  -0.081677;0.641541;-0.049270;,
  -0.085057;0.587905;-0.087705;,
  -0.095696;0.591089;-0.004294;,
  -0.097314;0.580562;-0.040855;,
  -0.082877;0.674146;-0.090164;,
  -0.141108;0.648606;-0.053947;,
  -0.127447;0.672709;-0.095245;,
  -0.143863;0.593526;-0.007244;,
  -0.137228;0.644492;-0.118548;,
  -0.147776;0.589155;-0.065602;,
  -0.097620;0.542275;-0.105608;,
  -0.134133;0.545867;-0.104453;,
  -0.090383;0.586731;-0.064947;,
  -0.097509;0.505411;-0.125779;,
  -0.123544;0.506968;-0.134577;,
  -0.090383;0.586731;-0.064947;,
  -0.107496;0.507023;-0.061634;,
  -0.097620;0.542275;-0.105608;,
  -0.092002;0.549291;-0.014562;,
  -0.114967;0.484005;-0.103079;,
  -0.097509;0.505411;-0.125779;,
  -0.135480;0.510227;-0.060816;,
  -0.149058;0.551840;-0.015363;,
  -0.126477;0.482395;-0.107258;,
  -0.066802;0.403101;-0.173485;,
  -0.113899;0.420787;-0.146544;,
  -0.111939;0.402506;-0.158081;,
  -0.068297;0.421789;-0.161979;,
  -0.058914;0.467699;-0.186191;,
  -0.071016;0.462251;-0.196405;,
  -0.065730;0.475356;-0.191761;,
  -0.061405;0.458695;-0.192399;,
  -0.119471;0.452627;-0.118352;,
  -0.084382;0.460587;-0.166834;,
  -0.077013;0.472441;-0.134989;,
  -0.123524;0.430500;-0.148182;,
  -0.132491;0.433932;-0.165672;,
  -0.140353;0.472506;-0.142852;,
  -0.096576;0.494422;-0.160324;,
  -0.095137;0.463565;-0.183325;,
  -0.103077;0.693289;-0.152598;,
  -0.116751;0.671801;-0.168268;,
  -0.075930;0.688664;-0.164488;,
  -0.080587;0.666410;-0.175554;,
  -0.082138;0.669855;-0.058848;,
  -0.051846;0.671407;-0.194424;,
  -0.116247;0.644101;-0.166699;,
  -0.094770;0.625478;-0.155080;,
  -0.111142;0.630488;-0.147017;,
  -0.085970;0.638144;-0.171158;,
  -0.089130;0.695223;-0.105025;,
  -0.092752;0.695025;-0.109858;,
  -0.046683;0.696414;-0.096079;,
  0.010060;0.684886;-0.101151;,
  0.000212;0.694764;-0.159565;,
  -0.074867;0.710125;-0.144280;,
  -0.092752;0.695025;-0.109858;,
  -0.092299;0.636648;-0.122162;,
  -0.077807;0.624062;-0.136871;,
  -0.094631;0.681946;-0.107253;,
  -0.093119;0.645020;-0.075034;,
  -0.096103;0.616767;-0.094579;,
  -0.100543;0.617474;-0.144257;,
  -0.093885;0.659251;-0.066554;,
  -0.077013;0.472441;-0.134989;,
  -0.048413;0.680654;-0.219499;,
  -0.039356;0.695722;-0.205284;,
  -0.007244;0.693720;-0.191941;,
  -0.013337;0.702556;-0.200129;,
  -0.095137;0.463565;-0.183325;,
  -0.066802;0.403101;-0.173485;,
  -0.111939;0.402506;-0.158081;,
  -0.060548;0.470539;-0.166506;,
  -0.080235;0.481279;-0.179469;,
  -0.060548;0.470539;-0.166506;,
  -0.068657;0.457260;-0.175151;,
  -0.092235;0.462522;-0.179856;,
  -0.092235;0.462522;-0.179856;,
  -0.058914;0.467699;-0.186191;,
  -0.065730;0.475356;-0.191761;,
  -0.071016;0.462251;-0.196405;,
  -0.096493;0.051471;0.273909;,
  -0.087986;-0.002855;0.254909;,
  -0.100586;0.034051;0.289098;,
  -0.086935;0.013781;0.243889;,
  -0.002630;0.126857;0.297724;,
  -0.013119;0.077829;0.303557;,
  -0.017945;0.091360;0.282948;,
  0.005680;0.114527;0.329696;,
  -0.025760;0.145194;0.256848;,
  -0.039005;0.139510;0.313590;,
  -0.046876;0.155590;0.264044;,
  -0.050050;0.092081;0.324957;,
  -0.058919;0.112634;0.297983;,
  -0.024267;0.123660;0.345021;,
  -0.061455;0.105169;0.247761;,
  -0.062951;0.132030;0.269907;,
  -0.057805;0.012111;0.239097;,
  -0.053067;-0.004600;0.244531;,
  -0.100586;0.034051;0.289098;,
  -0.053067;-0.004600;0.244531;,
  -0.048873;0.301834;0.024569;,
  -0.075665;0.222653;0.077076;,
  -0.047840;0.182182;0.128837;,
  -0.042166;0.154945;0.181384;,
  -0.032525;0.114472;0.257655;,
  -0.032525;0.114472;0.257655;,
  -0.059446;0.676730;-0.233613;,
  -0.042248;0.661514;-0.247643;,
  -0.040444;0.666914;-0.229710;,
  -0.051169;0.667400;-0.251077;,
  -0.051294;0.701925;-0.216975;,
  -0.043016;0.717420;-0.200424;,
  -0.032519;0.804815;-0.286481;,
  -0.012817;0.809029;-0.288063;,
  -0.047798;0.727266;-0.311000;,
  -0.043867;0.756705;-0.311814;,
  -0.030948;0.724080;-0.317219;,
  -0.057001;0.685748;-0.260340;,
  -0.064579;0.704269;-0.238326;,
  -0.057687;0.690170;-0.228599;,
  -0.065268;0.742852;-0.232434;,
  -0.066038;0.745586;-0.256806;,
  -0.056987;0.768382;-0.298160;,
  -0.062234;0.733272;-0.280814;,
  -0.065235;0.778789;-0.273588;,
  -0.062395;0.751374;-0.218240;,
  -0.051208;0.765277;-0.201514;,
  -0.011921;0.769224;-0.191682;,
  -0.044910;0.805848;-0.227333;,
  -0.011892;0.810508;-0.218613;,
  -0.062802;0.712000;-0.272896;,
  -0.048750;0.699887;-0.293708;,
  -0.047903;0.672277;-0.270694;,
  -0.033664;0.645158;-0.274536;,
  -0.039149;0.777783;-0.309410;,
  -0.052240;0.795321;-0.282700;,
  -0.060355;0.797680;-0.244295;,
  -0.046874;0.811405;-0.258143;,
  -0.012241;0.821122;-0.252675;,
  -0.029519;0.818437;-0.253980;,
  -0.012286;0.729053;-0.191072;,
  -0.060355;0.797680;-0.244295;,
  -0.046874;0.811405;-0.258143;,
  -0.075158;0.738187;-0.230760;,
  -0.069037;0.734447;-0.243590;,
  -0.068948;0.706688;-0.239695;,
  -0.072045;0.753754;-0.244391;,
  -0.075158;0.738187;-0.230760;,
  -0.068948;0.706688;-0.239695;,
  -0.072045;0.753754;-0.244391;,
  -0.066038;0.745586;-0.256806;,
  -0.066765;0.720449;-0.255807;,
  -0.064579;0.704269;-0.238326;,
  -0.048355;0.721078;-0.300502;,
  -0.066765;0.720449;-0.255807;,
  -0.051846;0.671407;-0.194424;,
  -0.048413;0.680654;-0.219499;,
  -0.080587;0.666410;-0.175554;,
  -0.051294;0.701925;-0.216975;,
  0.035854;0.460945;0.061430;,
  0.037537;0.426882;0.065103;,
  0.034305;0.403375;0.057249;,
  0.012450;0.398290;0.008221;,
  -0.029519;0.818437;-0.253980;,
  -0.012241;0.821122;-0.252675;,
  -0.034207;0.673674;-0.289037;,
  -0.026665;0.693220;-0.302561;,
  -0.026909;0.683939;-0.299912;,
  -0.028768;0.718299;-0.305760;,
  0.016074;0.581276;-0.004575;,
  -0.080587;0.666410;-0.175554;,
  -0.087986;-0.002855;0.254909;,
  -0.033641;0.667456;-0.286861;,
  -0.026092;0.663373;-0.292997;,
  -0.025828;0.669030;-0.290983;,
  -0.025630;0.671357;-0.296747;,
  -0.094631;0.681946;-0.107253;,
  -0.083562;0.651232;-0.116521;,
  -0.092299;0.636648;-0.122162;,
  -0.100543;0.617474;-0.144257;,
  -0.062395;0.751374;-0.218240;,
  -0.056570;0.177934;-0.045872;,
  -0.010825;0.134195;-0.157562;,
  -0.047391;0.118709;-0.018246;,
  -0.022822;0.205499;-0.155963;,
  -0.074943;0.225054;-0.054604;,
  -0.032194;0.260518;-0.153035;,
  -0.051989;0.307232;-0.053450;,
  -0.026838;0.328513;-0.110500;,
  -0.039179;0.384680;-0.051616;,
  -0.023700;0.398096;-0.071664;,
  -0.017004;0.431060;-0.058303;,
  -0.050477;0.440957;-0.032518;,
  -0.001925;0.073337;-0.162273;,
  -0.035613;0.061185;0.002297;,
  0.015846;0.148803;0.242528;,
  -0.069760;0.209884;0.220473;,
  -0.046863;0.155587;0.264038;,
  -0.002277;0.195448;0.188323;,
  -0.083424;0.260173;0.167168;,
  -0.021112;0.242407;0.152132;,
  -0.030952;0.256777;0.122437;,
  -0.088824;0.259099;0.121820;,
  -0.083464;0.343260;0.119942;,
  -0.003229;0.321491;0.103517;,
  0.037537;0.426882;0.065103;,
  -0.000589;0.419142;0.082436;,
  -0.083562;0.651232;-0.116521;,
  -0.075295;0.401861;-0.012412;,
  -0.101692;0.313092;0.025453;,
  -0.120573;0.216720;0.061873;,
  -0.098206;0.189093;0.124371;,
  -0.080293;0.147763;0.183209;,
  -0.061455;0.105169;0.247761;,
  0.095516;0.380963;-0.029672;,
  0.099599;0.317793;-0.107366;,
  0.067296;0.401957;0.029312;,
  0.069672;0.274971;-0.172481;,
  0.092669;0.243162;-0.151109;,
  0.094313;0.168926;-0.157706;,
  0.080458;0.094316;-0.162453;,
  -0.053979;0.409318;0.086375;,
  0.047622;0.616196;-0.203920;,
  0.047622;0.616196;-0.203920;,
  0.010166;0.642320;-0.201941;,
  0.010166;0.642320;-0.201941;,
  0.010166;0.642320;-0.201941;,
  0.010166;0.642320;-0.201941;,
  0.010166;0.642320;-0.201941;,
  0.010166;0.642320;-0.201941;,
  0.058696;0.599271;-0.191470;,
  0.058696;0.599271;-0.191470;,
  0.062544;0.584588;-0.178383;,
  0.062544;0.584588;-0.178383;,
  0.062544;0.584588;-0.178383;,
  0.027883;0.559011;-0.153675;,
  0.027883;0.559011;-0.153675;,
  0.027883;0.559011;-0.153675;,
  0.027883;0.559011;-0.153675;,
  0.027883;0.559011;-0.153675;,
  0.071662;0.576511;-0.145054;,
  0.071662;0.576511;-0.145054;,
  0.071662;0.576511;-0.145054;,
  0.071662;0.576511;-0.145054;,
  0.071662;0.576511;-0.145054;,
  0.019730;0.683619;-0.197889;,
  0.019730;0.683619;-0.197889;,
  0.019730;0.683619;-0.197889;,
  0.019730;0.683619;-0.197889;,
  0.019730;0.683619;-0.197889;,
  0.019730;0.683619;-0.197889;,
  0.074070;0.680981;-0.175438;,
  0.074070;0.680981;-0.175438;,
  0.074070;0.680981;-0.175438;,
  0.056028;0.667630;-0.195975;,
  0.056028;0.667630;-0.195975;,
  0.060374;0.518236;0.009403;,
  0.060374;0.518236;0.009403;,
  0.060374;0.518236;0.009403;,
  0.060374;0.518236;0.009403;,
  0.060374;0.518236;0.009403;,
  0.082750;0.514118;-0.023453;,
  0.082750;0.514118;-0.023453;,
  0.082750;0.514118;-0.023453;,
  0.082750;0.514118;-0.023453;,
  0.082750;0.514118;-0.023453;,
  0.056520;0.500348;-0.070402;,
  0.056520;0.500348;-0.070402;,
  0.056520;0.500348;-0.070402;,
  0.056520;0.500348;-0.070402;,
  0.056520;0.500348;-0.070402;,
  0.056520;0.500348;-0.070402;,
  0.019565;0.488588;-0.085337;,
  0.019565;0.488588;-0.085337;,
  0.019565;0.488588;-0.085337;,
  0.019565;0.488588;-0.085337;,
  0.019565;0.488588;-0.085337;,
  0.054665;0.454718;-0.068581;,
  0.054665;0.454718;-0.068581;,
  0.054665;0.454718;-0.068581;,
  0.054665;0.454718;-0.068581;,
  0.054665;0.454718;-0.068581;,
  0.054665;0.454718;-0.068581;,
  -0.025911;0.562453;-0.145474;,
  -0.025911;0.562453;-0.145474;,
  -0.025911;0.562453;-0.145474;,
  -0.025911;0.562453;-0.145474;,
  -0.025911;0.562453;-0.145474;,
  0.020994;0.517100;0.026367;,
  0.020994;0.517100;0.026367;,
  0.063819;0.619559;-0.047976;,
  0.063819;0.619559;-0.047976;,
  0.063819;0.619559;-0.047976;,
  0.063819;0.619559;-0.047976;,
  0.014112;0.665379;-0.062418;,
  0.014112;0.665379;-0.062418;,
  0.015352;0.630860;-0.032883;,
  0.015352;0.630860;-0.032883;,
  0.067332;0.653299;-0.078993;,
  0.067332;0.653299;-0.078993;,
  0.067332;0.653299;-0.078993;,
  0.067332;0.653299;-0.078993;,
  0.067332;0.653299;-0.078993;,
  0.044964;0.440058;-0.087191;,
  0.044964;0.440058;-0.087191;,
  0.044964;0.440058;-0.087191;,
  0.044964;0.440058;-0.087191;,
  0.044964;0.440058;-0.087191;,
  0.044964;0.440058;-0.087191;,
  0.086430;0.422308;-0.068864;,
  0.086430;0.422308;-0.068864;,
  0.086430;0.422308;-0.068864;,
  0.086430;0.422308;-0.068864;,
  0.086430;0.422308;-0.068864;,
  0.086430;0.422308;-0.068864;,
  0.040740;0.304858;-0.238777;,
  0.040740;0.304858;-0.238777;,
  0.040740;0.304858;-0.238777;,
  0.040740;0.304858;-0.238777;,
  0.040740;0.304858;-0.238777;,
  0.076282;0.287992;-0.207614;,
  0.076282;0.287992;-0.207614;,
  0.076282;0.287992;-0.207614;,
  0.076282;0.287992;-0.207614;,
  0.076282;0.287992;-0.207614;,
  0.025965;0.373251;0.003298;,
  0.025965;0.373251;0.003298;,
  0.025965;0.373251;0.003298;,
  0.025965;0.373251;0.003298;,
  0.025965;0.373251;0.003298;,
  0.025965;0.373251;0.003298;,
  0.025965;0.373251;0.003298;,
  0.029625;0.269389;-0.167075;,
  0.029625;0.269389;-0.167075;,
  0.029625;0.269389;-0.167075;,
  0.029625;0.269389;-0.167075;,
  0.029625;0.269389;-0.167075;,
  0.019922;0.283883;-0.202137;,
  0.095516;0.380963;-0.029672;,
  0.095516;0.380963;-0.029672;,
  0.095516;0.380963;-0.029672;,
  0.095516;0.380963;-0.029672;,
  0.095516;0.380963;-0.029672;,
  0.069672;0.274971;-0.172481;,
  0.069672;0.274971;-0.172481;,
  0.069672;0.274971;-0.172481;,
  0.069672;0.274971;-0.172481;,
  0.069672;0.274971;-0.172481;,
  0.069672;0.274971;-0.172481;,
  0.087542;0.081142;-0.187248;,
  0.087542;0.081142;-0.187248;,
  0.087542;0.081142;-0.187248;,
  0.065025;0.083067;-0.213569;,
  0.065025;0.083067;-0.213569;,
  0.056751;0.088291;-0.160429;,
  0.056751;0.088291;-0.160429;,
  0.080458;0.094316;-0.162453;,
  0.080458;0.094316;-0.162453;,
  0.101215;0.399045;-0.008999;,
  0.101215;0.399045;-0.008999;,
  0.101215;0.399045;-0.008999;,
  0.101215;0.399045;-0.008999;,
  0.067296;0.401957;0.029312;,
  0.067296;0.401957;0.029312;,
  0.067296;0.401957;0.029312;,
  0.067296;0.401957;0.029312;,
  0.060309;0.574787;-0.020074;,
  0.060309;0.574787;-0.020074;,
  0.060309;0.574787;-0.020074;,
  0.060309;0.574787;-0.020074;,
  0.060309;0.574787;-0.020074;,
  0.060309;0.574787;-0.020074;,
  0.088780;0.602311;-0.066826;,
  0.088780;0.602311;-0.066826;,
  0.088780;0.602311;-0.066826;,
  0.088780;0.602311;-0.066826;,
  0.088780;0.602311;-0.066826;,
  0.094381;0.593372;-0.084408;,
  0.094381;0.593372;-0.084408;,
  0.094381;0.593372;-0.084408;,
  0.094381;0.593372;-0.084408;,
  0.094381;0.593372;-0.084408;,
  0.094381;0.593372;-0.084408;,
  0.059053;0.534057;-0.085040;,
  0.059053;0.534057;-0.085040;,
  0.059053;0.534057;-0.085040;,
  0.059053;0.534057;-0.085040;,
  0.059053;0.534057;-0.085040;,
  0.059053;0.534057;-0.085040;,
  0.072026;0.563118;-0.121111;,
  0.072026;0.563118;-0.121111;,
  0.072026;0.563118;-0.121111;,
  0.072026;0.563118;-0.121111;,
  0.072026;0.563118;-0.121111;,
  0.082454;0.557776;-0.048414;,
  0.082454;0.557776;-0.048414;,
  0.082454;0.557776;-0.048414;,
  0.082454;0.557776;-0.048414;,
  0.028721;0.544459;-0.135249;,
  0.028721;0.544459;-0.135249;,
  0.028721;0.544459;-0.135249;,
  0.028721;0.544459;-0.135249;,
  0.028721;0.544459;-0.135249;,
  0.028244;0.518329;-0.098076;,
  0.028244;0.518329;-0.098076;,
  0.028244;0.518329;-0.098076;,
  0.028244;0.518329;-0.098076;,
  0.028244;0.518329;-0.098076;,
  -0.025744;0.553481;-0.129892;,
  -0.025744;0.553481;-0.129892;,
  -0.025744;0.553481;-0.129892;,
  -0.025744;0.553481;-0.129892;,
  -0.025744;0.553481;-0.129892;,
  -0.025744;0.553481;-0.129892;,
  -0.025744;0.553481;-0.129892;,
  -0.019304;0.518136;-0.085039;,
  -0.019304;0.518136;-0.085039;,
  -0.019304;0.518136;-0.085039;,
  -0.019304;0.518136;-0.085039;,
  -0.019304;0.518136;-0.085039;,
  0.107390;0.528873;-0.124313;,
  0.107390;0.528873;-0.124313;,
  0.151935;0.535719;-0.142194;,
  0.151935;0.535719;-0.142194;,
  0.151935;0.535719;-0.142194;,
  0.151935;0.535719;-0.142194;,
  0.151935;0.535719;-0.142194;,
  0.119100;0.530349;-0.086208;,
  0.119100;0.530349;-0.086208;,
  0.119100;0.530349;-0.086208;,
  0.119100;0.530349;-0.086208;,
  0.119100;0.530349;-0.086208;,
  0.107390;0.528873;-0.124313;,
  0.163555;0.536894;-0.104002;,
  0.163555;0.536894;-0.104002;,
  0.163555;0.536894;-0.104002;,
  0.163555;0.536894;-0.104002;,
  0.163555;0.536894;-0.104002;,
  0.163555;0.536894;-0.104002;,
  0.085891;0.477973;-0.222615;,
  0.085891;0.477973;-0.222615;,
  0.103673;0.474494;-0.233488;,
  0.103673;0.474494;-0.233488;,
  0.103673;0.474494;-0.233488;,
  0.103673;0.474494;-0.233488;,
  0.103673;0.474494;-0.233488;,
  0.103673;0.474494;-0.233488;,
  0.112112;0.491503;-0.103888;,
  0.112112;0.491503;-0.103888;,
  0.112112;0.491503;-0.103888;,
  0.112112;0.491503;-0.103888;,
  0.112112;0.491503;-0.103888;,
  0.091152;0.448289;-0.204818;,
  0.091152;0.448289;-0.204818;,
  0.091152;0.448289;-0.204818;,
  0.091152;0.448289;-0.204818;,
  0.085891;0.477973;-0.222615;,
  0.085891;0.477973;-0.222615;,
  0.165580;0.498588;-0.122698;,
  0.165580;0.498588;-0.122698;,
  0.165580;0.498588;-0.122698;,
  0.165580;0.498588;-0.122698;,
  0.112239;0.445093;-0.213272;,
  0.112239;0.445093;-0.213272;,
  0.112239;0.445093;-0.213272;,
  0.112239;0.445093;-0.213272;,
  0.112239;0.445093;-0.213272;,
  0.083244;0.667452;-0.203861;,
  0.083244;0.667452;-0.203861;,
  0.083244;0.667452;-0.203861;,
  0.083244;0.667452;-0.203861;,
  0.081468;0.644313;-0.222669;,
  0.081468;0.644313;-0.222669;,
  0.081468;0.644313;-0.222669;,
  0.081468;0.644313;-0.222669;,
  0.081468;0.644313;-0.222669;,
  0.056028;0.667630;-0.195975;,
  0.056028;0.667630;-0.195975;,
  0.048248;0.645913;-0.208164;,
  0.097478;0.636547;-0.100086;,
  0.097478;0.636547;-0.100086;,
