xof 0303txt 0032
template XSkinMeshHeader {
 <3cf169ce-ff7c-44ab-93c0-f78f62d172e2>
 WORD nMaxSkinWeightsPerVertex;
 WORD nMaxSkinWeightsPerFace;
 WORD nBones;
}

template VertexDuplicationIndices {
 <b8d65549-d7c9-4995-89cf-53a9a8b031e3>
 DWORD nIndices;
 DWORD nOriginalVertices;
 array DWORD indices[nIndices];
}

template SkinWeights {
 <6f0d123b-bad2-4167-a0d0-80224f25fabb>
 STRING transformNodeName;
 DWORD nWeights;
 array DWORD vertexIndices[nWeights];
 array FLOAT weights[nWeights];
 Matrix4x4 matrixOffset;
}

template AnimTicksPerSecond {
 <9e415a43-7ba6-4a73-8743-b73d47e88476>
 DWORD AnimTicksPerSecond;
}

template VertexElement {
 <f752461c-1e23-48f6-b9f8-8350850f336f>
 DWORD Type;
 DWORD Method;
 DWORD Usage;
 DWORD UsageIndex;
}

template DeclData {
 <bf22e553-292c-4781-9fea-62bd554bdd93>
 DWORD nElements;
 array VertexElement Elements[nElements];
 DWORD nDWords;
 array DWORD data[nDWords];
}


AnimTicksPerSecond {
 4800;
}

Frame Dummy01 {
 

 FrameTransformMatrix {
  1.000000,0.000000,0.000000,0.000000,0.000000,-0.000000,-1.000000,0.000000,0.000000,1.000000,-0.000000,0.000000,0.000000,0.000000,0.000000,1.000000;;
 }

 Frame Bip01 {
  

  FrameTransformMatrix {
   -0.342528,0.911769,-0.226611,0.000000,-0.056497,0.220776,0.973687,0.000000,0.937807,0.346318,-0.024110,0.000000,-0.040390,-0.035018,0.464570,1.000000;;
  }

  Frame Bip01_Pelvis {
   

   FrameTransformMatrix {
    -0.008703,0.999025,0.043284,0.000000,0.048759,-0.042810,0.997893,0.000000,0.998773,0.010795,-0.048339,0.000000,0.000000,0.000000,0.000000,1.000000;;
   }

   Frame Bip01_Spine {
    

    FrameTransformMatrix {
     0.957551,0.004280,0.288232,0.000000,0.011019,0.998615,-0.051436,0.000000,-0.288053,0.052429,0.956178,0.000000,0.051607,-0.002215,0.000476,1.000000;;
    }

    Frame Bip01_Spine1 {
     

     FrameTransformMatrix {
      0.913887,0.186984,0.360343,0.000000,-0.176412,0.982341,-0.062334,0.000000,-0.365635,-0.006602,0.930735,0.000000,0.106511,0.000001,-0.000079,1.000000;;
     }

     Frame Bip01_Neck {
      

      FrameTransformMatrix {
       0.963129,0.157434,0.218167,0.000000,-0.086050,0.948575,-0.304634,0.000000,-0.254908,0.274628,0.927147,0.000000,0.130511,-0.000007,0.004627,1.000000;;
      }

      Frame Bip01_Head {
       

       FrameTransformMatrix {
        0.706329,-0.020987,-0.707573,0.000000,0.058977,0.997830,0.029277,0.000000,0.705423,-0.062410,0.706034,0.000000,0.033674,0.000000,-0.000000,1.000000;;
       }

       Frame Bip01_HeadNub {
        

        FrameTransformMatrix {
         1.000000,-0.000000,-0.000000,0.000000,-0.000000,1.000000,-0.000000,0.000000,0.000000,-0.000000,1.000000,0.000000,0.169824,0.000000,-0.000000,1.000000;;
        }
       }
      }

      Frame Bip01_L_Clavicle {
       

       FrameTransformMatrix {
        0.223494,0.943800,0.243498,0.000000,0.949330,-0.154142,-0.273883,0.000000,-0.220958,0.292372,-0.930428,0.000000,-0.021680,0.018391,0.006153,1.000000;;
       }

       Frame Bip01_L_UpperArm {
        

        FrameTransformMatrix {
         0.408673,-0.896896,-0.169009,0.000000,0.894062,0.430625,-0.123351,0.000000,0.183412,-0.100694,0.977865,0.000000,0.087086,0.000000,0.000000,1.000000;;
        }

        Frame Bip01_L_Forearm {
         

         FrameTransformMatrix {
          0.459414,-0.000000,-0.888222,0.000000,-0.000000,1.000000,0.000000,0.000000,0.888222,-0.000000,0.459414,0.000000,0.137062,0.000000,0.000000,1.000000;;
         }

         Frame Bip01_L_Hand {
          

          FrameTransformMatrix {
           0.978663,0.201622,0.039585,0.000000,-0.082534,0.209317,0.974359,0.000000,0.188167,-0.956836,0.221491,0.000000,0.137062,-0.000000,0.000000,1.000000;;
          }

          Frame Bip01_L_Finger0 {
           

           FrameTransformMatrix {
            0.134658,-0.586321,0.798809,0.000000,0.939285,0.332299,0.085567,0.000000,-0.315613,0.738787,0.595469,0.000000,0.057681,-0.023605,-0.000272,1.000000;;
           }

           Frame Bip01_L_Finger0Nub {
            

            FrameTransformMatrix {
             1.000000,0.000000,0.000000,0.000000,0.000000,1.000000,0.000000,0.000000,0.000000,0.000000,1.000000,0.000000,0.029435,0.000000,0.000000,1.000000;;
            }
           }
          }

          Frame Bip01_L_Finger1 {
           

           FrameTransformMatrix {
            0.666936,-0.000593,0.745114,0.000000,0.000000,1.000000,0.000796,0.000000,-0.745115,-0.000531,0.666936,0.000000,0.084102,-0.000000,0.000000,1.000000;;
           }

           Frame Bip01_L_Finger1Nub {
            

            FrameTransformMatrix {
             1.000000,-0.000000,0.000000,0.000000,0.000000,1.000000,-0.000000,0.000000,0.000000,-0.000000,1.000000,0.000000,0.047988,0.000000,0.000000,1.000000;;
            }
           }
          }
         }
        }
       }
      }

      Frame Bip01_R_Clavicle {
       

       FrameTransformMatrix {
        -0.146209,-0.925963,-0.348159,0.000000,-0.967371,0.060211,0.246107,0.000000,-0.206923,0.372782,-0.904553,0.000000,-0.026628,-0.011422,-0.002478,1.000000;;
       }

       Frame Bip01_R_UpperArm {
        

        FrameTransformMatrix {
         0.215348,0.976270,-0.022837,0.000000,-0.880723,0.204268,0.427319,0.000000,0.421844,-0.071909,0.903812,0.000000,0.087086,-0.000000,0.000000,1.000000;;
        }

        Frame Bip01_R_Forearm {
         

         FrameTransformMatrix {
          0.398839,-0.000000,-0.917021,0.000000,-0.000000,1.000000,0.000000,0.000000,0.917021,-0.000000,0.398839,0.000000,0.137062,0.000000,0.000000,1.000000;;
         }

         Frame Bip01_R_Hand {
          

          FrameTransformMatrix {
           0.985369,0.063406,-0.158205,0.000000,-0.163844,0.096717,-0.981734,0.000000,-0.046947,0.993290,0.105691,0.000000,0.137062,-0.000000,0.000000,1.000000;;
          }

          Frame Bip01_R_Finger0 {
           

           FrameTransformMatrix {
            0.389500,-0.079154,0.917619,0.000000,-0.575979,0.756512,0.309741,0.000000,-0.718707,-0.649173,0.249070,0.000000,0.057681,0.023605,-0.000272,1.000000;;
           }

           Frame Bip01_R_Finger0Nub {
            

            FrameTransformMatrix {
             -1.000000,-0.000000,0.000000,0.000000,0.000000,1.000000,-0.000000,0.000000,0.000000,0.000000,-1.000000,0.000000,0.029435,0.000000,0.000000,1.000000;;
            }
           }
          }

          Frame Bip01_R_Finger1 {
           

           FrameTransformMatrix {
            0.019000,0.000796,0.999819,0.000000,0.000000,1.000000,-0.000796,0.000000,-0.999819,0.000015,0.019000,0.000000,0.084102,0.000000,0.000000,1.000000;;
           }

           Frame Bip01_R_Finger1Nub {
            

            FrameTransformMatrix {
             -1.000000,0.000000,0.000000,0.000000,-0.000000,1.000000,0.000000,0.000000,0.000000,0.000000,-1.000000,0.000000,0.047988,-0.000000,0.000000,1.000000;;
            }
           }
          }
         }
        }
       }
      }
     }

     Frame Bip01_BackPack {
      

      FrameTransformMatrix {
       -0.174826,0.237733,-0.955468,0.000000,0.110404,0.969026,0.220905,0.000000,0.978390,-0.066868,-0.195658,0.000000,0.043238,0.001401,-0.084748,1.000000;;
      }

      Frame Bip01_BackPackNub {
       

       FrameTransformMatrix {
        0.000796,0.000003,1.000000,0.000000,0.000000,-1.000000,0.000003,0.000000,1.000000,0.000000,-0.000796,0.000000,0.053240,-0.000000,0.000000,1.000000;;
       }
      }
     }
    }

    Frame Bip01_L_Thigh {
     

     FrameTransformMatrix {
      -0.377559,0.327410,0.866171,0.000000,-0.046307,-0.940910,0.335476,0.000000,0.924827,0.086552,0.370410,0.000000,-0.049308,0.056817,0.017422,1.000000;;
     }

     Frame Bip01_L_Calf {
      

      FrameTransformMatrix {
       0.740907,0.000000,-0.671608,0.000000,-0.000000,1.000000,0.000000,0.000000,0.671608,-0.000000,0.740907,0.000000,0.237500,0.000000,-0.000000,1.000000;;
      }

      Frame Bip01_L_Foot {
       

       FrameTransformMatrix {
        0.938415,0.139032,0.316302,0.000000,-0.167323,0.983824,0.063975,0.000000,-0.302292,-0.112959,0.946499,0.000000,0.206841,0.000000,0.000000,1.000000;;
       }

       Frame Bip01_L_Toe0 {
        

        FrameTransformMatrix {
         0.132993,0.006611,0.991095,0.000000,0.009842,0.999920,-0.007991,0.000000,-0.991068,0.010817,0.132917,0.000000,0.065373,0.000000,0.066450,1.000000;;
        }

        Frame Bip01_L_Toe0Nub {
         

         FrameTransformMatrix {
          -1.000000,-0.000000,-0.000000,0.000000,-0.000000,1.000000,-0.000000,0.000000,0.000000,0.000000,-1.000000,0.000000,0.006735,0.000000,0.000000,1.000000;;
         }
        }
       }
      }
     }
    }

    Frame Bip01_R_Thigh {
     

     FrameTransformMatrix {
      -0.821374,0.001762,0.570387,0.000000,-0.112625,-0.980809,-0.159153,0.000000,0.559160,-0.194964,0.805810,0.000000,-0.049781,-0.053481,0.011631,1.000000;;
     }

     Frame Bip01_R_Calf {
      

      FrameTransformMatrix {
       0.740227,0.000000,-0.672357,0.000000,0.000000,1.000000,0.000000,0.000000,0.672357,-0.000000,0.740227,0.000000,0.237500,-0.000000,0.000000,1.000000;;
      }

      Frame Bip01_R_Foot {
       

       FrameTransformMatrix {
        0.804874,0.019888,0.593112,0.000000,0.048320,0.993924,-0.098900,0.000000,-0.591475,0.108261,0.799022,0.000000,0.206841,0.000000,-0.000000,1.000000;;
       }

       Frame Bip01_R_Toe0 {
        

        FrameTransformMatrix {
         0.356225,-0.296813,0.886006,0.000000,0.155027,0.953840,0.257208,0.000000,-0.921450,0.045731,0.385795,0.000000,0.065373,0.000000,0.066450,1.000000;;
        }

        Frame Bip01_R_Toe0Nub {
         

         FrameTransformMatrix {
          1.000000,-0.000000,0.000000,0.000000,-0.000000,1.000000,-0.000000,0.000000,-0.000000,-0.000000,1.000000,0.000000,0.006735,0.000000,0.000000,1.000000;;
         }
        }
       }
      }
     }
    }
   }

   Frame Bip01_DressFront {
    

    FrameTransformMatrix {
     -0.742236,0.251498,0.621156,0.000000,0.214635,0.967295,-0.135173,0.000000,-0.634837,0.032992,-0.771942,0.000000,-0.043909,0.001394,0.061054,1.000000;;
    }

    Frame Bip01_DressFront02 {
     

     FrameTransformMatrix {
      0.866064,0.000001,0.499933,0.000000,-0.000001,1.000000,-0.000000,0.000000,-0.499933,-0.000000,0.866064,0.000000,0.183390,0.000000,-0.000114,1.000000;;
     }

     Frame Bip01_DressFrontNub {
      

      FrameTransformMatrix {
       0.000796,0.000003,1.000000,0.000000,0.000000,-1.000000,0.000003,0.000000,1.000000,-0.000000,-0.000796,0.000000,0.165302,-0.000000,0.000000,1.000000;;
      }
     }
    }
   }

   Frame Bip01_DressBack {
    

    FrameTransformMatrix {
     -0.776569,0.231596,0.585922,0.000000,0.474856,0.826356,0.302733,0.000000,-0.414068,0.513322,-0.751697,0.000000,-0.047674,-0.000072,-0.078314,1.000000;;
    }

    Frame Bip01_DressBack02 {
     

     FrameTransformMatrix {
      0.780396,-0.312462,0.541617,0.000000,0.260018,0.949914,0.173361,0.000000,-0.568658,0.005540,0.822555,0.000000,0.176221,-0.000001,-0.000089,1.000000;;
     }

     Frame Bip01_DressBackNub {
      

      FrameTransformMatrix {
       0.000796,0.000003,1.000000,0.000000,-0.000000,-1.000000,0.000003,0.000000,1.000000,-0.000000,-0.000796,0.000000,0.136508,-0.000000,0.000000,1.000000;;
      }
     }
    }
   }
  }
 }

 Mesh Mesh {
  617;
  -0.002877;0.645180;-0.148370;,
  -0.036879;0.639687;-0.131703;,
  -0.038611;0.671797;-0.142891;,
  0.008509;0.627244;-0.137255;,
  0.013215;0.612181;-0.123157;,
  -0.022163;0.584603;-0.101881;,
  -0.032842;0.605551;-0.119995;,
  0.021459;0.601847;-0.091557;,
  -0.029280;0.712704;-0.135382;,
  0.025135;0.708034;-0.113193;,
  0.006710;0.695480;-0.136925;,
  -0.002931;0.719109;-0.105573;,
  0.050811;0.514548;0.026766;,
  0.019363;0.532298;0.056023;,
  0.022238;0.518365;0.065385;,
  0.042169;0.526452;0.023406;,
  0.016356;0.512941;-0.023998;,
  0.036125;0.490887;-0.006310;,
  -0.020722;0.502591;-0.039402;,
  0.012326;0.465363;-0.020249;,
  -0.018412;0.453926;-0.017404;,
  -0.075997;0.586838;-0.093812;,
  -0.073100;0.611919;-0.115075;,
  -0.020311;0.533359;0.072471;,
  -0.016526;0.517384;0.082146;,
  0.013176;0.638032;0.007822;,
  -0.036962;0.683455;-0.002380;,
  -0.035285;0.647229;0.023923;,
  0.016385;0.673252;-0.019502;,
  0.005288;0.446227;-0.038441;,
  0.059889;0.364386;-0.089344;,
  0.018075;0.378368;-0.106997;,
  0.046400;0.431991;-0.015051;,
  0.023559;0.296647;-0.171479;,
  0.057473;0.282981;-0.135722;,
  -0.037295;0.435075;-0.022904;,
  -0.007514;0.310781;-0.025186;,
  -0.016342;0.386362;0.057366;,
  -0.025196;0.356263;-0.083411;,
  0.008870;0.263599;-0.096943;,
  0.001137;0.276020;-0.134455;,
  0.069914;0.325720;-0.038357;,
  0.054708;0.393564;0.028631;,
  0.048869;0.271190;-0.099549;,
  0.078770;0.005852;-0.132890;,
  0.038789;-0.005591;-0.089271;,
  0.033907;0.007155;-0.136144;,
  0.073645;-0.005921;-0.089304;,
  0.035255;0.228101;-0.154715;,
  0.075084;0.156515;-0.125878;,
  0.043790;0.154533;-0.152285;,
  0.068651;0.230907;-0.128412;,
  0.077248;0.075922;-0.120694;,
  0.055994;0.077591;-0.148119;,
  -0.001589;0.204991;-0.128016;,
  0.016149;0.156813;-0.083063;,
  0.001898;0.220564;-0.074611;,
  0.016740;0.148505;-0.125072;,
  0.044938;0.081648;-0.095199;,
  0.040583;0.067647;-0.125082;,
  0.077726;0.163124;-0.087996;,
  0.072157;0.236972;-0.079469;,
  0.068559;0.088457;-0.095982;,
  0.044126;0.463427;0.002568;,
  -0.060731;0.447042;-0.010695;,
  -0.037295;0.435075;-0.022904;,
  -0.054853;0.416458;0.009708;,
  0.066878;0.469837;0.051811;,
  0.030112;0.477555;0.092685;,
  0.057703;0.411176;0.046138;,
  0.022423;0.416334;0.082221;,
  0.012393;0.591626;0.031333;,
  0.038187;0.622671;-0.012383;,
  0.043735;0.615128;-0.030637;,
  0.011190;0.554502;-0.036397;,
  0.021454;0.587072;-0.069466;,
  0.034532;0.576600;0.001658;,
  -0.021707;0.568534;-0.084806;,
  -0.019456;0.538912;-0.050201;,
  -0.076336;0.575664;-0.078254;,
  -0.066836;0.537097;-0.036740;,
  0.053398;0.619663;-0.155040;,
  0.082844;0.585036;-0.132705;,
  0.007307;0.624582;-0.127707;,
  0.064171;0.550340;-0.073583;,
  0.034029;0.577374;-0.098818;,
  0.104137;0.555130;-0.100735;,
  0.033107;0.654990;-0.081646;,
  0.034029;0.577374;-0.098818;,
  0.058126;0.619830;-0.054295;,
  0.087322;0.568532;-0.033573;,
  0.064171;0.550340;-0.073583;,
  0.042353;0.661542;-0.081648;,
  0.106932;0.627784;-0.088332;,
  0.077249;0.661371;-0.109872;,
  0.127237;0.573153;-0.060552;,
  0.069752;0.639791;-0.140088;,
  0.100512;0.544443;-0.114391;,
  0.055677;0.479907;-0.102611;,
  0.052821;0.537316;-0.083164;,
  0.086040;0.486978;-0.121988;,
  0.055956;0.438070;-0.109902;,
  0.077082;0.437868;-0.126326;,
  0.052821;0.537316;-0.083164;,
  0.093815;0.470327;-0.061044;,
  0.087582;0.527040;-0.031370;,
  0.055677;0.479907;-0.102611;,
  0.084943;0.430119;-0.084246;,
  0.055956;0.438070;-0.109902;,
  0.116915;0.476113;-0.076109;,
  0.135000;0.534226;-0.062430;,
  0.098222;0.428997;-0.096327;,
  0.044431;0.318493;-0.147125;,
  0.075158;0.343362;-0.105965;,
  0.039083;0.337436;-0.137304;,
  0.080042;0.324754;-0.116017;,
  0.028226;0.384182;-0.138259;,
  0.031268;0.371946;-0.149282;,
  0.028563;0.372977;-0.138666;,
  0.026721;0.386102;-0.149668;,
  0.077339;0.393287;-0.088244;,
  0.056800;0.383473;-0.144164;,
  0.087843;0.362667;-0.106898;,
  0.041983;0.404962;-0.121195;,
  0.101288;0.360408;-0.121466;,
  0.105048;0.404620;-0.111379;,
  0.068763;0.417953;-0.146130;,
  0.071677;0.381180;-0.157198;,
  0.033391;0.694799;-0.146423;,
  0.030026;0.673459;-0.167079;,
  0.006710;0.695480;-0.136925;,
  -0.001948;0.675022;-0.150300;,
  0.046711;0.658506;-0.041679;,
  -0.025955;0.687334;-0.147709;,
  0.023719;0.646949;-0.165586;,
  0.008509;0.627244;-0.137255;,
  -0.002877;0.645180;-0.148370;,
  0.028367;0.631966;-0.148555;,
  0.046417;0.681753;-0.082237;,
  0.014161;0.696197;-0.056384;,
  0.047694;0.681273;-0.088418;,
  -0.040449;0.705698;-0.038897;,
  -0.049409;0.720453;-0.096419;,
  0.025135;0.708034;-0.113193;,
  0.047694;0.681273;-0.088418;,
  0.022923;0.630538;-0.102183;,
  0.046380;0.669167;-0.089161;,
  0.007307;0.624582;-0.127707;,
  0.040058;0.634230;-0.060871;,
  0.024047;0.609609;-0.079522;,
  0.013215;0.612181;-0.123157;,
  0.049434;0.646158;-0.053700;,
  0.041983;0.404962;-0.121195;,
  -0.027102;0.709885;-0.157870;,
  -0.036750;0.724732;-0.143951;,
  -0.056375;0.722193;-0.129042;,
  -0.062940;0.731284;-0.139981;,
  0.071677;0.381180;-0.157198;,
  0.044431;0.318493;-0.147125;,
  0.080042;0.324754;-0.116017;,
  0.041605;0.397149;-0.131112;,
  0.042890;0.395197;-0.156910;,
  0.041605;0.397149;-0.131112;,
  0.045438;0.380128;-0.134637;,
  0.056577;0.377635;-0.156442;,
  0.056577;0.377635;-0.156442;,
  0.028226;0.384182;-0.138259;,
  0.026721;0.386102;-0.149668;,
  0.031268;0.371946;-0.149282;,
  0.085906;0.046633;-0.201432;,
  0.055877;0.037692;-0.250452;,
  0.054652;0.053772;-0.238652;,
  0.091343;0.027566;-0.213993;,
  0.035432;0.029472;-0.090896;,
  0.033907;0.007155;-0.136144;,
  0.038789;-0.005591;-0.089271;,
  0.032776;0.031928;-0.132125;,
  0.044938;0.081648;-0.095199;,
  0.077000;0.032079;-0.090350;,
  0.068559;0.088457;-0.095982;,
  0.078770;0.005852;-0.132890;,
  0.073645;-0.005921;-0.089304;,
  0.080248;0.040229;-0.126205;,
  0.055994;0.077591;-0.148119;,
  0.077248;0.075922;-0.120694;,
  0.027038;0.048430;-0.229526;,
  0.020844;0.035370;-0.240584;,
  0.091343;0.027566;-0.213993;,
  0.020844;0.035370;-0.240584;,
  -0.025196;0.356263;-0.083411;,
  0.001137;0.276020;-0.134455;,
  -0.001589;0.204991;-0.128016;,
  0.016740;0.148505;-0.125072;,
  0.040583;0.067647;-0.125082;,
  0.040583;0.067647;-0.125082;,
  -0.035106;0.415110;0.057792;,
  -0.016114;0.705880;-0.174652;,
  -0.033560;0.690745;-0.188463;,
  -0.024722;0.696681;-0.192025;,
  -0.034648;0.696175;-0.168593;,
  -0.023981;0.730911;-0.157636;,
  -0.031956;0.746244;-0.140787;,
  -0.044377;0.834352;-0.225856;,
  -0.064045;0.818752;-0.249359;,
  -0.064115;0.838534;-0.227003;,
  -0.029432;0.757052;-0.251348;,
  -0.046398;0.753881;-0.257253;,
  -0.033441;0.786488;-0.251827;,
  -0.019119;0.715122;-0.201245;,
  -0.011136;0.733469;-0.179230;,
  -0.017800;0.719272;-0.169487;,
  -0.010410;0.772002;-0.173019;,
  -0.010138;0.774947;-0.197377;,
  -0.020073;0.798078;-0.238341;,
  -0.011352;0.808291;-0.213852;,
  -0.014401;0.762832;-0.221409;,
  -0.013013;0.780395;-0.158697;,
  -0.023889;0.794128;-0.141629;,
  -0.062977;0.797900;-0.130970;,
  -0.030794;0.834905;-0.166963;,
  -0.063639;0.839414;-0.157537;,
  -0.013629;0.741494;-0.213688;,
  -0.028395;0.701719;-0.211529;,
  -0.028072;0.729528;-0.234316;,
  -0.042651;0.674601;-0.215317;,
  -0.062041;0.672583;-0.202412;,
  -0.062137;0.668270;-0.223109;,
  -0.038155;0.807534;-0.249146;,
  -0.024563;0.824872;-0.222556;,
  -0.015678;0.826919;-0.184304;,
  -0.029465;0.840731;-0.197757;,
  -0.046748;0.847688;-0.193184;,
  -0.064002;0.850321;-0.191507;,
  -0.062515;0.757726;-0.130715;,
  -0.015678;0.826919;-0.184304;,
  -0.029465;0.840731;-0.197757;,
  -0.006850;0.763702;-0.184321;,
  -0.000308;0.767347;-0.171586;,
  -0.006704;0.735911;-0.180666;,
  -0.003716;0.783024;-0.185017;,
  -0.000308;0.767347;-0.171586;,
  -0.006704;0.735911;-0.180666;,
  -0.003716;0.783024;-0.185017;,
  -0.010138;0.774947;-0.197377;,
  -0.009339;0.749804;-0.196610;,
  -0.011136;0.733469;-0.179230;,
  -0.028650;0.750775;-0.240917;,
  -0.009339;0.749804;-0.196610;,
  -0.025955;0.687334;-0.147709;,
  -0.027102;0.709885;-0.157870;,
  -0.001948;0.675022;-0.150300;,
  -0.023981;0.730911;-0.157636;,
  -0.070040;0.655546;-0.141183;,
  -0.071119;0.636099;-0.127173;,
  -0.062210;0.502663;-0.025862;,
  -0.008673;0.478168;0.109072;,
  -0.009413;0.444248;0.114125;,
  -0.013219;0.420325;0.107487;,
  -0.061522;0.671678;-0.177729;,
  -0.035106;0.415110;0.057792;,
  -0.046748;0.847688;-0.193184;,
  -0.064002;0.850321;-0.191507;,
  -0.042462;0.703243;-0.229579;,
  -0.050317;0.722887;-0.242778;,
  -0.050001;0.713584;-0.240215;,
  -0.063964;0.806131;-0.258340;,
  -0.063724;0.781450;-0.264523;,
  -0.048333;0.747997;-0.245802;,
  -0.031766;0.596440;0.047641;,
  -0.001948;0.675022;-0.150300;,
  0.055877;0.037692;-0.250452;,
  -0.050634;0.692957;-0.233463;,
  -0.042971;0.697005;-0.227446;,
  -0.050869;0.698595;-0.231395;,
  -0.062778;0.711057;-0.244633;,
  -0.062921;0.716533;-0.256065;,
  -0.051189;0.700972;-0.237133;,
  -0.062546;0.698601;-0.231894;,
  -0.062478;0.690454;-0.235530;,
  -0.063362;0.750710;-0.263157;,
  -0.063227;0.742831;-0.256729;,
  0.046380;0.669167;-0.089161;,
  -0.062622;0.699847;-0.240654;,
  0.022219;0.645465;-0.092623;,
  0.022923;0.630538;-0.102183;,
  0.013215;0.612181;-0.123157;,
  -0.013013;0.780395;-0.158697;,
  0.035255;0.228101;-0.154715;,
  0.004866;0.140282;-0.131388;,
  -0.017537;0.214776;-0.132662;,
  0.043790;0.154533;-0.152285;,
  0.023559;0.296647;-0.171479;,
  -0.024367;0.280898;-0.139883;,
  0.018075;0.378368;-0.106997;,
  -0.039177;0.356066;-0.081207;,
  0.005288;0.446227;-0.038441;,
  -0.046203;0.430414;-0.033253;,
  -0.018412;0.453926;-0.017404;,
  0.016384;0.068593;-0.133657;,
  0.055994;0.077591;-0.148119;,
  0.025938;0.149181;-0.049571;,
  0.042600;0.089071;0.087523;,
  0.038771;0.080272;-0.049158;,
  0.024582;0.157347;0.070084;,
  0.003676;0.217519;0.048407;,
  0.007429;0.219430;-0.061109;,
  -0.006432;0.275045;0.044531;,
  0.005169;0.251991;-0.069922;,
  -0.006464;0.301997;-0.013121;,
  -0.011937;0.338738;0.062575;,
  -0.007950;0.417935;0.116032;,
  0.022219;0.645465;-0.092623;,
  -0.135390;0.670307;-0.118912;,
  -0.101078;0.651462;-0.118681;,
  -0.146558;0.656472;-0.103292;,
  -0.092834;0.681296;-0.132479;,
  -0.150055;0.642451;-0.089645;,
  -0.125768;0.600813;-0.077403;,
  -0.152436;0.629055;-0.050471;,
  -0.111786;0.620031;-0.103983;,
  -0.085410;0.722307;-0.124907;,
  -0.124404;0.735728;-0.082683;,
  -0.093334;0.735690;-0.087237;,
  -0.122342;0.719392;-0.109118;,
  -0.102809;0.527350;0.090211;,
  -0.060050;0.538513;0.087931;,
  -0.099522;0.537542;0.080338;,
  -0.055220;0.524819;0.097375;,
  -0.115536;0.523264;0.028997;,
  -0.119102;0.503822;0.057798;,
  -0.101106;0.508883;-0.007103;,
  -0.117119;0.474282;0.031699;,
  -0.094022;0.460227;0.013822;,
  -0.020311;0.533359;0.072471;,
  -0.016526;0.517384;0.082146;,
  -0.085978;0.650101;0.035523;,
  -0.036962;0.683455;-0.002380;,
  -0.092942;0.690357;0.006328;,
  -0.035285;0.647229;0.023923;,
  -0.114667;0.430070;0.019384;,
  -0.144678;0.329266;0.055677;,
  -0.127097;0.428337;0.067884;,
  -0.126372;0.333711;0.012081;,
  -0.131650;0.229853;0.004640;,
  -0.134886;0.236059;0.055295;,
  -0.062959;0.430311;0.011317;,
  -0.039722;0.323562;0.077692;,
  -0.072504;0.330690;0.009531;,
  -0.022439;0.408107;0.093105;,
  -0.070321;0.243952;0.058506;,
  -0.087825;0.234223;0.023582;,
  -0.112175;0.324312;0.111483;,
  -0.095558;0.410673;0.117270;,
  -0.105601;0.246532;0.078828;,
  -0.063852;0.000499;0.168677;,
  -0.004933;-0.001982;0.181106;,
  -0.032854;-0.000146;0.201893;,
  -0.029948;-0.001852;0.139182;,
  -0.106122;0.181153;0.050408;,
  -0.095243;0.134924;0.123120;,
  -0.119985;0.195974;0.087867;,
  -0.083380;0.120612;0.086582;,
  -0.063291;0.070473;0.160045;,
  -0.061270;0.060348;0.127269;,
  -0.055304;0.178651;0.054374;,
  -0.028165;0.162071;0.114748;,
  -0.046451;0.132074;0.090255;,
  -0.037267;0.220720;0.086180;,
  -0.026253;0.087459;0.155979;,
  -0.035013;0.059763;0.137151;,
  -0.080881;0.161053;0.147547;,
  -0.100555;0.227662;0.120468;,
  -0.047192;0.092452;0.167664;,
  -0.122350;0.477300;0.071322;,
  -0.062959;0.430311;0.011317;,
  -0.102792;0.483976;0.121884;,
  -0.047346;0.484010;0.124675;,
  -0.095283;0.428311;0.123386;,
  -0.045611;0.433501;0.124330;,
  -0.077342;0.600178;0.060096;,
  -0.121293;0.642082;0.032172;,
  -0.137622;0.637203;0.020029;,
  -0.124606;0.567443;0.007131;,
  -0.115662;0.590913;0.049801;,
  -0.147572;0.607646;-0.022244;,
  -0.125321;0.581146;-0.055859;,
  -0.111900;0.547722;-0.020569;,
  -0.181788;0.656594;-0.089667;,
  -0.128267;0.661708;-0.087439;,
  -0.198211;0.631391;-0.048924;,
  -0.155054;0.609215;0.002614;,
  -0.202949;0.612670;-0.004511;,
  -0.139407;0.625398;-0.039121;,
  -0.130043;0.704203;-0.043816;,
  -0.140250;0.679032;-0.000544;,
  -0.139407;0.625398;-0.039121;,
  -0.157419;0.636524;0.043090;,
  -0.155054;0.609215;0.002614;,
  -0.138219;0.711663;-0.041384;,
  -0.199110;0.685274;-0.010553;,
  -0.182126;0.709612;-0.050456;,
  -0.205194;0.639830;0.036136;,
  -0.189375;0.681288;-0.074541;,
  -0.205660;0.600293;-0.016817;,
  -0.160053;0.535263;-0.014577;,
  -0.195919;0.541405;-0.019409;,
  -0.148987;0.594688;-0.009260;,
  -0.164200;0.495429;-0.013250;,
  -0.189913;0.491740;-0.018120;,
  -0.148987;0.594688;-0.009260;,
  -0.175348;0.535693;0.040558;,
  -0.160053;0.535263;-0.014577;,
  -0.156654;0.595950;0.053470;,
  -0.177293;0.490778;0.023558;,
  -0.164200;0.495429;-0.013250;,
  -0.202782;0.540711;0.036525;,
  -0.213004;0.601618;0.045910;,
  -0.194972;0.489134;0.019155;,
  -0.124718;0.408740;-0.033592;,
  -0.163834;0.423169;0.005376;,
  -0.152453;0.404690;0.005001;,
  -0.136060;0.427587;-0.033711;,
  -0.136550;0.436129;-0.034914;,
  -0.144082;0.421516;-0.038106;,
  -0.136354;0.431702;-0.045706;,
  -0.139647;0.426790;-0.029528;,
  -0.161139;0.455834;0.018226;,
  -0.165164;0.441780;-0.040352;,
  -0.149708;0.470343;-0.027936;,
  -0.168116;0.420612;0.007901;,
  -0.185018;0.412140;0.001525;,
  -0.198173;0.454753;0.010559;,
  -0.187291;0.470748;-0.037687;,
  -0.182585;0.433172;-0.044701;,
  -0.147059;0.729657;-0.104013;,
  -0.160959;0.710364;-0.122154;,
  -0.122342;0.719392;-0.109118;,
  -0.126551;0.698746;-0.122266;,
  -0.133230;0.686661;0.000835;,
  -0.100846;0.699937;-0.134009;,
  -0.164434;0.682648;-0.121235;,
  -0.146558;0.656472;-0.103292;,
  -0.163224;0.668608;-0.101356;,
  -0.135390;0.670307;-0.118912;,
  -0.139987;0.717800;-0.044658;,
  -0.143585;0.718268;-0.049773;,
  -0.097303;0.716641;-0.033777;,
  -0.040449;0.705698;-0.038897;,
  -0.049409;0.720453;-0.096419;,
  -0.124404;0.735728;-0.082683;,
  -0.143585;0.718268;-0.049773;,
  -0.143862;0.661993;-0.067197;,
  -0.128267;0.661708;-0.087439;,
  -0.145928;0.706487;-0.049311;,
  -0.143987;0.663026;-0.017387;,
  -0.146713;0.636327;-0.039178;,
  -0.150055;0.642451;-0.089645;,
  -0.144876;0.676560;-0.007792;,
  -0.149708;0.470343;-0.027936;,
  -0.097434;0.708923;-0.159922;,
  -0.088781;0.724019;-0.145469;,
  -0.056375;0.722193;-0.129042;,
  -0.062940;0.731284;-0.139981;,
  -0.182585;0.433172;-0.044701;,
  -0.124718;0.408740;-0.033592;,
  -0.152453;0.404690;0.005001;,
  -0.145163;0.454125;-0.035341;,
  -0.150738;0.440259;-0.056498;,
  -0.145163;0.454125;-0.035341;,
  -0.153487;0.439462;-0.029639;,
  -0.168040;0.429910;-0.047037;,
  -0.168040;0.429910;-0.047037;,
  -0.136550;0.436129;-0.034914;,
  -0.136354;0.431702;-0.045706;,
  -0.144082;0.421516;-0.038106;,
  -0.114152;0.022953;0.110560;,
  -0.118044;0.000042;0.057225;,
  -0.123946;0.001701;0.108723;,
  -0.111767;0.018478;0.061699;,
  -0.006812;0.031247;0.169463;,
  -0.029948;-0.001852;0.139182;,
  -0.029226;0.023012;0.135659;,
  -0.004933;-0.001982;0.181106;,
  -0.026253;0.087459;0.155979;,
  -0.040074;0.036482;0.193984;,
  -0.047192;0.092452;0.167664;,
  -0.063852;0.000499;0.168677;,
  -0.064639;0.035471;0.166451;,
  -0.032854;-0.000146;0.201893;,
  -0.061270;0.060348;0.127269;,
  -0.063291;0.070473;0.160045;,
  -0.083709;0.013917;0.053556;,
  -0.083914;-0.001876;0.044514;,
  -0.123946;0.001701;0.108723;,
  -0.083914;-0.001876;0.044514;,
  -0.072504;0.330690;0.009531;,
  -0.087825;0.234223;0.023582;,
  -0.055304;0.178651;0.054374;,
  -0.046451;0.132074;0.090255;,
  -0.035013;0.059763;0.137151;,
  -0.035013;0.059763;0.137151;,
  -0.108326;0.704823;-0.174006;,
  -0.090733;0.690090;-0.188062;,
  -0.089128;0.695429;-0.170182;,
  -0.099754;0.695821;-0.191499;,
  -0.100797;0.730031;-0.157097;,
  -0.092940;0.745545;-0.140360;,
  -0.083735;0.833901;-0.225580;,
  -0.064115;0.838534;-0.227003;,
  -0.097260;0.756275;-0.250873;,
  -0.093934;0.785795;-0.251403;,
  -0.080311;0.753492;-0.257015;,
  -0.105907;0.714127;-0.200637;,
  -0.113999;0.732291;-0.178509;,
  -0.106876;0.718251;-0.168863;,
  -0.115520;0.770797;-0.172283;,
  -0.116201;0.773732;-0.196634;,
  -0.107373;0.797077;-0.237730;,
  -0.111998;0.761714;-0.220725;,
  -0.115982;0.807092;-0.213119;,
  -0.112910;0.779250;-0.157997;,
  -0.102114;0.793232;-0.141080;,
  -0.062977;0.797900;-0.130970;,
  -0.096500;0.834152;-0.166503;,
  -0.063639;0.839414;-0.157537;,
  -0.112174;0.740365;-0.212997;,
  -0.097750;0.728730;-0.233828;,
  -0.096471;0.700938;-0.211052;,
  -0.081652;0.674154;-0.215044;,
  -0.089666;0.806944;-0.248785;,
  -0.103278;0.823970;-0.222004;,
  -0.111671;0.825819;-0.183631;,
  -0.098393;0.839941;-0.197274;,
  -0.064002;0.850321;-0.191507;,
  -0.081213;0.847293;-0.192943;,
  -0.062515;0.757726;-0.130715;,
  -0.111671;0.825819;-0.183631;,
  -0.098393;0.839941;-0.197274;,
  -0.125322;0.765915;-0.170711;,
  -0.119048;0.762417;-0.183535;,
  -0.118409;0.734631;-0.179884;,
  -0.122450;0.781663;-0.184186;,
  -0.125322;0.765915;-0.170711;,
  -0.118409;0.734631;-0.179884;,
  -0.122450;0.781663;-0.184186;,
  -0.116201;0.773732;-0.196634;,
  -0.116413;0.748577;-0.195860;,
  -0.113999;0.732291;-0.178509;,
  -0.097752;0.749984;-0.240433;,
  -0.116413;0.748577;-0.195860;,
  -0.100846;0.699937;-0.134009;,
  -0.097434;0.708923;-0.159922;,
  -0.126551;0.698746;-0.122266;,
  -0.100797;0.730031;-0.157097;,
  -0.008673;0.478168;0.109072;,
  -0.009413;0.444248;0.114125;,
  -0.013219;0.420325;0.107487;,
  -0.035106;0.415110;0.057792;,
  -0.081213;0.847293;-0.192943;,
  -0.064002;0.850321;-0.191507;,
  -0.082697;0.702782;-0.229297;,
  -0.075479;0.722598;-0.242602;,
  -0.075547;0.713291;-0.240036;,
  -0.078080;0.747656;-0.245593;,
  -0.031766;0.596440;0.047641;,
  -0.126551;0.698746;-0.122266;,
  -0.118044;0.000042;0.057225;,
  -0.082015;0.696557;-0.227172;,
  -0.074346;0.692685;-0.233297;,
  -0.074211;0.698328;-0.231231;,
  -0.074027;0.700710;-0.236973;,
  -0.145928;0.706487;-0.049311;,
  -0.134701;0.675769;-0.060106;,
  -0.143862;0.661993;-0.067197;,
  -0.150055;0.642451;-0.089645;,
  -0.112910;0.779250;-0.157997;,
  -0.077463;0.181115;-0.034545;,
  -0.036496;0.124319;-0.085681;,
  -0.066404;0.110853;-0.010728;,
  -0.049748;0.199618;-0.089924;,
  -0.096464;0.238516;-0.047542;,
  -0.061180;0.257043;-0.091348;,
  -0.081720;0.329843;-0.027993;,
  -0.060666;0.333510;-0.052419;,
  -0.076218;0.415727;-0.011063;,
  -0.061959;0.411190;-0.018140;,
  -0.060731;0.447042;-0.010695;,
  -0.094022;0.460227;0.013822;,
  -0.026273;0.059735;-0.085679;,
  -0.052340;0.043741;0.005431;,
  0.009908;0.103847;0.164098;,
  -0.080881;0.161053;0.147547;,
  -0.047180;0.092453;0.167658;,
  -0.013552;0.167021;0.130792;,
  -0.100555;0.227662;0.120468;,
  -0.036447;0.225288;0.102888;,
  -0.047843;0.251173;0.081803;,
  -0.105601;0.246532;0.078828;,
  -0.112175;0.324312;0.111483;,
  -0.029752;0.321728;0.091959;,
  -0.009413;0.444248;0.114125;,
  -0.045611;0.433501;0.124330;,
  -0.134701;0.675769;-0.060106;,
  -0.114667;0.430070;0.019384;,
  -0.126372;0.333711;0.012081;,
  -0.131650;0.229853;0.004640;,
  -0.106122;0.181153;0.050408;,
  -0.083380;0.120612;0.086582;,
  -0.061270;0.060348;0.127269;,
  0.054708;0.393564;0.028631;,
  0.069914;0.325720;-0.038357;,
  0.022423;0.416334;0.082221;,
  0.048869;0.271190;-0.099549;,
  0.072157;0.236972;-0.079469;,
  0.077726;0.163124;-0.087996;,
  0.068559;0.088457;-0.095982;,
  -0.095558;0.410673;0.117270;;
  916;
  3;0,1,2;,
  3;1,0,3;,
  3;4,5,6;,
  3;5,4,7;,
  3;8,9,10;,
  3;9,8,11;,
  3;12,13,14;,
  3;13,12,15;,
  3;16,12,17;,
  3;12,16,15;,
  3;18,19,20;,
  3;19,18,16;,
  3;6,21,22;,
  3;21,6,5;,
  3;14,23,24;,
  3;23,14,13;,
  3;25,26,27;,
  3;26,25,28;,
  3;29,30,31;,
  3;30,29,32;,
  3;30,33,31;,
  3;33,30,34;,
  3;35,36,37;,
  3;36,35,38;,
  3;38,39,36;,
  3;39,38,40;,
  3;37,41,42;,
  3;41,37,36;,
  3;36,43,41;,
  3;43,36,39;,
  3;42,30,32;,
  3;30,42,41;,
  3;41,34,30;,
  3;34,41,43;,
  3;44,45,46;,
  3;45,44,47;,
  3;48,49,50;,
  3;49,48,51;,
  3;50,52,53;,
  3;52,50,49;,
  3;54,55,56;,
  3;55,54,57;,
  3;57,58,55;,
  3;58,57,59;,
  3;56,60,61;,
  3;60,56,55;,
  3;55,62,60;,
  3;62,55,58;,
  3;61,49,51;,
  3;49,61,60;,
  3;60,52,49;,
  3;52,60,62;,
  3;32,19,63;,
  3;19,32,29;,
  3;64,65,66;,
  3;65,64,20;,
  3;14,67,12;,
  3;67,14,68;,
  3;68,69,67;,
  3;69,68,70;,
  3;70,42,69;,
  3;42,70,37;,
  3;48,34,51;,
  3;34,48,33;,
  3;51,43,61;,
  3;43,51,34;,
  3;43,56,61;,
  3;56,43,39;,
  3;39,54,56;,
  3;54,39,40;,
  3;12,63,17;,
  3;63,12,67;,
  3;67,32,63;,
  3;32,67,69;,
  3;69,42,32;,
  3;71,72,25;,
  3;73,74,75;,
  3;74,73,76;,
  3;74,77,75;,
  3;77,74,78;,
  3;79,78,80;,
  3;78,79,77;,
  3;81,82,83;,
  3;82,84,85;,
  3;84,82,86;,
  3;87,88,89;,
  3;88,90,89;,
  3;90,88,91;,
  3;92,93,94;,
  3;92,89,93;,
  3;92,87,89;,
  3;89,95,93;,
  3;95,89,90;,
  3;96,93,82;,
  3;93,86,82;,
  3;86,93,95;,
  3;97,98,99;,
  3;98,97,100;,
  3;100,101,98;,
  3;101,100,102;,
  3;103,104,105;,
  3;104,103,106;,
  3;106,107,104;,
  3;107,106,108;,
  3;105,109,110;,
  3;109,105,104;,
  3;104,111,109;,
  3;111,104,107;,
  3;110,100,97;,
  3;100,110,109;,
  3;109,102,100;,
  3;102,109,111;,
  3;112,113,114;,
  3;113,112,115;,
  3;116,117,118;,
  3;117,116,119;,
  3;120,121,122;,
  3;121,120,123;,
  3;120,124,125;,
  3;124,120,122;,
  3;126,124,127;,
  3;124,126,125;,
  3;95,97,86;,
  3;97,95,110;,
  3;86,99,84;,
  3;99,86,97;,
  3;90,103,105;,
  3;103,90,91;,
  3;105,95,90;,
  3;95,105,110;,
  3;128,96,129;,
  3;96,128,94;,
  3;129,130,128;,
  3;130,129,131;,
  3;72,28,25;,
  3;28,72,132;,
  3;10,133,8;,
  3;134,135,136;,
  3;135,134,137;,
  3;81,137,134;,
  3;138,11,139;,
  3;138,9,11;,
  3;138,140,9;,
  3;141,11,142;,
  3;11,141,139;,
  3;128,130,143;,
  3;94,144,92;,
  3;94,143,144;,
  3;94,128,143;,
  3;145,87,146;,
  3;87,145,147;,
  3;75,148,73;,
  3;148,75,149;,
  3;150,147,145;,
  3;7,149,75;,
  3;148,151,73;,
  3;102,152,101;,
  3;152,102,126;,
  3;102,125,126;,
  3;125,102,111;,
  3;111,120,125;,
  3;120,111,107;,
  3;120,108,123;,
  3;108,120,107;,
  3;8,153,154;,
  3;153,8,133;,
  3;154,155,8;,
  3;155,154,156;,
  3;122,114,113;,
  3;114,122,121;,
  3;121,112,114;,
  3;112,121,157;,
  3;158,124,159;,
  3;124,158,127;,
  3;159,122,113;,
  3;122,159,124;,
  3;126,160,152;,
  3;160,126,161;,
  3;162,121,123;,
  3;121,162,163;,
  3;121,164,157;,
  3;164,121,163;,
  3;165,126,127;,
  3;126,165,161;,
  3;161,166,160;,
  3;166,161,167;,
  3;162,118,163;,
  3;118,162,116;,
  3;163,117,164;,
  3;117,163,118;,
  3;165,167,161;,
  3;167,165,168;,
  3;169,170,171;,
  3;170,169,172;,
  3;173,174,175;,
  3;174,173,176;,
  3;177,178,179;,
  3;178,177,173;,
  3;180,178,181;,
  3;178,180,182;,
  3;183,169,171;,
  3;169,183,184;,
  3;174,185,186;,
  3;185,174,176;,
  3;46,187,44;,
  3;187,46,188;,
  3;180,169,182;,
  3;169,180,172;,
  3;20,29,65;,
  3;19,29,20;,
  3;29,31,189;,
  3;31,190,189;,
  3;190,31,33;,
  3;33,191,190;,
  3;191,33,48;,
  3;191,50,192;,
  3;50,191,48;,
  3;192,53,193;,
  3;53,192,50;,
  3;194,171,185;,
  3;171,194,183;,
  3;171,186,185;,
  3;186,171,170;,
  3;185,176,194;,
  3;194,173,177;,
  3;173,194,176;,
  3;178,175,181;,
  3;175,178,173;,
  3;179,182,184;,
  3;182,179,178;,
  3;182,169,184;,
  3;16,17,19;,
  3;17,63,19;,
  3;65,195,66;,
  3;196,197,198;,
  3;197,196,199;,
  3;200,154,153;,
  3;154,200,201;,
  3;202,203,204;,
  3;205,206,207;,
  3;196,208,209;,
  3;208,196,198;,
  3;210,209,211;,
  3;209,210,196;,
  3;212,213,214;,
  3;213,212,215;,
  3;212,214,211;,
  3;201,216,217;,
  3;216,201,200;,
  3;218,219,220;,
  3;219,218,217;,
  3;210,199,196;,
  3;213,205,207;,
  3;221,222,223;,
  3;198,197,224;,
  3;224,225,226;,
  3;225,224,197;,
  3;227,213,207;,
  3;228,229,214;,
  3;229,228,230;,
  3;220,231,232;,
  3;213,228,214;,
  3;156,201,233;,
  3;201,156,154;,
  3;233,217,218;,
  3;217,233,201;,
  3;219,217,234;,
  3;235,219,234;,
  3;236,237,238;,
  3;237,236,239;,
  3;209,240,211;,
  3;240,209,241;,
  3;211,242,212;,
  3;242,211,240;,
  3;243,236,244;,
  3;236,243,239;,
  3;244,238,245;,
  3;238,244,236;,
  3;246,221,223;,
  3;221,246,215;,
  3;221,212,247;,
  3;212,221,215;,
  3;199,248,2;,
  3;248,199,249;,
  3;133,10,250;,
  3;249,210,251;,
  3;210,249,199;,
  3;210,211,251;,
  3;252,1,253;,
  3;1,252,2;,
  3;20,254,18;,
  3;254,20,64;,
  3;24,68,14;,
  3;68,24,255;,
  3;68,256,70;,
  3;256,68,255;,
  3;256,37,70;,
  3;37,256,257;,
  3;258,2,252;,
  3;2,258,199;,
  3;257,259,37;,
  3;37,259,35;,
  3;260,204,261;,
  3;204,260,202;,
  3;262,263,223;,
  3;263,262,264;,
  3;197,258,225;,
  3;258,197,199;,
  3;265,203,227;,
  3;265,207,266;,
  3;207,265,227;,
  3;223,267,246;,
  3;267,223,263;,
  3;88,87,147;,
  3;83,82,85;,
  3;78,16,18;,
  3;16,78,74;,
  3;74,15,16;,
  3;15,74,76;,
  3;15,71,13;,
  3;71,15,76;,
  3;13,268,23;,
  3;268,13,71;,
  3;248,269,2;,
  3;2,269,0;,
  3;136,129,134;,
  3;129,136,131;,
  3;134,96,81;,
  3;96,134,129;,
  3;96,82,81;,
  3;93,96,94;,
  3;29,189,65;,
  3;205,215,246;,
  3;267,205,246;,
  3;205,267,206;,
  3;205,213,215;,
  3;187,188,270;,
  3;224,271,272;,
  3;222,221,208;,
  3;224,222,198;,
  3;272,273,262;,
  3;273,272,271;,
  3;263,274,275;,
  3;273,276,262;,
  3;277,271,278;,
  3;271,277,273;,
  3;222,272,262;,
  3;272,222,224;,
  3;222,208,198;,
  3;209,221,247;,
  3;221,209,208;,
  3;223,222,262;,
  3;266,206,279;,
  3;206,266,207;,
  3;206,280,279;,
  3;280,206,267;,
  3;280,263,275;,
  3;263,280,267;,
  3;264,262,276;,
  3;76,73,72;,
  3;138,281,140;,
  3;73,132,72;,
  3;132,73,151;,
  3;72,71,76;,
  3;271,226,278;,
  3;155,11,8;,
  3;276,277,282;,
  3;277,276,273;,
  3;274,276,282;,
  3;276,274,264;,
  3;28,141,26;,
  3;141,28,139;,
  3;139,132,138;,
  3;132,139,28;,
  3;132,281,138;,
  3;281,132,151;,
  3;281,148,283;,
  3;148,281,151;,
  3;283,149,284;,
  3;149,283,148;,
  3;7,284,149;,
  3;284,7,4;,
  3;5,79,21;,
  3;79,5,77;,
  3;77,7,75;,
  3;7,77,5;,
  3;6,3,4;,
  3;3,6,1;,
  3;285,137,83;,
  3;137,285,135;,
  3;137,81,83;,
  3;92,146,87;,
  3;146,92,144;,
  3;1,22,253;,
  3;22,1,6;,
  3;286,214,229;,
  3;251,211,286;,
  3;214,286,211;,
  3;234,217,216;,
  3;227,202,228;,
  3;202,230,228;,
  3;230,202,260;,
  3;231,219,235;,
  3;228,213,227;,
  3;27,71,25;,
  3;71,27,268;,
  3;155,142,11;,
  3;18,80,78;,
  3;80,18,254;,
  3;271,224,226;,
  3;274,263,264;,
  3;202,227,203;,
  3;231,220,219;,
  3;287,288,289;,
  3;288,287,290;,
  3;291,289,292;,
  3;289,291,287;,
  3;293,292,294;,
  3;292,293,291;,
  3;295,294,296;,
  3;294,295,293;,
  3;296,297,295;,
  3;298,290,299;,
  3;290,298,288;,
  3;300,301,302;,
  3;301,300,303;,
  3;304,300,305;,
  3;300,304,303;,
  3;306,305,307;,
  3;305,306,304;,
  3;308,306,307;,
  3;306,308,309;,
  3;308,310,309;,
  3;145,146,311;,
  3;312,313,314;,
  3;313,312,315;,
  3;316,317,318;,
  3;317,316,319;,
  3;320,321,322;,
  3;321,320,323;,
  3;324,325,326;,
  3;325,324,327;,
  3;328,324,326;,
  3;324,328,329;,
  3;330,331,328;,
  3;331,330,332;,
  3;319,21,317;,
  3;21,319,22;,
  3;327,333,325;,
  3;333,327,334;,
  3;335,336,337;,
  3;336,335,338;,
  3;339,340,341;,
  3;340,339,342;,
  3;340,343,344;,
  3;343,340,342;,
  3;345,346,347;,
  3;346,345,348;,
  3;347,349,350;,
  3;349,347,346;,
  3;348,351,346;,
  3;351,348,352;,
  3;346,353,349;,
  3;353,346,351;,
  3;352,340,351;,
  3;340,352,341;,
  3;351,344,353;,
  3;344,351,340;,
  3;354,355,356;,
  3;355,354,357;,
  3;358,359,360;,
  3;359,358,361;,
  3;361,362,359;,
  3;362,361,363;,
  3;364,365,366;,
  3;365,364,367;,
  3;366,368,369;,
  3;368,366,365;,
  3;367,370,365;,
  3;370,367,371;,
  3;365,372,368;,
  3;372,365,370;,
  3;371,359,370;,
  3;359,371,360;,
  3;370,362,372;,
  3;362,370,359;,
  3;341,331,339;,
  3;331,341,373;,
  3;64,374,332;,
  3;374,64,66;,
  3;327,375,376;,
  3;375,327,324;,
  3;376,377,378;,
  3;377,376,375;,
  3;378,352,348;,
  3;352,378,377;,
  3;358,344,343;,
  3;344,358,360;,
  3;360,353,344;,
  3;353,360,371;,
  3;353,367,349;,
  3;367,353,371;,
  3;349,364,350;,
  3;364,349,367;,
  3;324,373,375;,
  3;373,324,329;,
  3;375,341,377;,
  3;341,375,373;,
  3;377,341,352;,
  3;379,335,380;,
  3;381,382,383;,
